5 0.051682692307692304 0.1346153846153846 0.0673076923076923 0.06009615384615385
4 0.37740384615384615 0.09375 0.04567307692307692 0.052884615384615384
2 0.36538461538461536 0.5408653846153846 0.04807692307692308 0.028846153846153848
5 0.5564903846153846 0.14182692307692307 0.040865384615384616 0.07692307692307693
4 0.90625 0.11538461538461539 0.06490384615384616 0.06971153846153846
2 0.9086538461538461 0.5384615384615384 0.0673076923076923 0.03365384615384615
0 0.6021634615384616 0.10817307692307693 0.04567307692307692 0.08173076923076923
5 0.4987980769230769 0.7896634615384616 0.06009615384615385 0.036057692307692304
4 0.4891826923076923 0.703125 0.05048076923076923 0.052884615384615384
0 0.07692307692307693 0.7091346153846154 0.05048076923076923 0.06971153846153846
1 0.9771634615384616 0.6658653846153846 0.040865384615384616 0.125
4 0.6778846153846154 0.7932692307692307 0.08173076923076923 0.11538461538461539