1 0.453125 0.09375 0.038461538461538464 0.055288461538461536
3 0.025240384615384616 0.5276442307692307 0.036057692307692304 0.05048076923076923
5 0.027644230769230768 0.23076923076923078 0.028846153846153848 0.03125
4 0.019230769230769232 0.109375 0.038461538461538464 0.05048076923076923
4 0.8401442307692307 0.5048076923076923 0.05048076923076923 0.04807692307692308
5 0.8629807692307693 0.5168269230769231 0.03365384615384615 0.038461538461538464
0 0.8329326923076923 0.09975961538461539 0.06490384615384616 0.04567307692307692
5 0.039663461538461536 0.8112980769230769 0.036057692307692304 0.06009615384615385
4 0.12620192307692307 0.8016826923076923 0.052884615384615384 0.05048076923076923
4 0.5372596153846154 0.9675480769230769 0.04567307692307692 0.05048076923076923
1 0.9447115384615384 0.9663461538461539 0.07211538461538461 0.0625
0 0.5552884615384616 0.6141826923076923 0.09615384615384616 0.055288461538461536
5 0.5961538461538461 0.7584134615384616 0.057692307692307696 0.06009615384615385