0 0.24879807692307693 0.04927884615384615 0.06490384615384616 0.05048076923076923
4 0.24519230769230768 0.44350961538461536 0.052884615384615384 0.026442307692307692
4 0.9507211538461539 0.28365384615384615 0.09375 0.10096153846153846
2 0.8713942307692307 0.008413461538461538 0.09375 0.016826923076923076
5 0.9555288461538461 0.002403846153846154 0.040865384615384616 0.004807692307692308
5 0.056490384615384616 0.5 0.055288461538461536 0.057692307692307696
1 0.609375 0.6117788461538461 0.07451923076923077 0.07451923076923077
4 0.17427884615384615 0.6141826923076923 0.06971153846153846 0.06490384615384616
5 0.21514423076923078 0.7043269230769231 0.06971153846153846 0.0625
3 0.13822115384615385 0.9639423076923077 0.0985576923076923 0.052884615384615384
5 0.8401442307692307 0.6838942307692307 0.03125 0.038461538461538464
5 0.8305288461538461 0.8341346153846154 0.036057692307692304 0.03125