4 0.34134615384615385 0.3269230769230769 0.052884615384615384 0.05048076923076923
5 0.46875 0.296875 0.040865384615384616 0.04326923076923077
5 0.4387019230769231 0.359375 0.03365384615384615 0.028846153846153848
4 0.8088942307692307 0.02283653846153846 0.05048076923076923 0.04567307692307692
5 0.7788461538461539 0.03245192307692308 0.07692307692307693 0.06490384615384616
3 0.7992788461538461 0.3894230769230769 0.0985576923076923 0.0625
5 0.24278846153846154 0.6730769230769231 0.04326923076923077 0.07692307692307693
4 0.11177884615384616 0.7596153846153846 0.06009615384615385 0.052884615384615384
1 0.4987980769230769 0.7704326923076923 0.06490384615384616 0.07932692307692307
4 0.8858173076923077 0.5961538461538461 0.055288461538461536 0.03365384615384615
5 0.9002403846153846 0.6935096153846154 0.038461538461538464 0.028846153846153848