4 0.08173076923076923 0.34134615384615385 0.05048076923076923 0.052884615384615384
5 0.051682692307692304 0.21394230769230768 0.04326923076923077 0.040865384615384616
5 0.1141826923076923 0.2439903846153846 0.028846153846153848 0.03365384615384615
0 0.5132211538461539 0.23076923076923078 0.026442307692307692 0.0673076923076923
5 0.9158653846153846 0.203125 0.040865384615384616 0.03365384615384615
4 0.9038461538461539 0.22716346153846154 0.05048076923076923 0.055288461538461536
2 0.9014423076923077 0.6670673076923077 0.04807692307692308 0.016826923076923076
1 0.4723557692307692 0.9783653846153846 0.05048076923076923 0.038461538461538464
0 0.10336538461538461 0.6911057692307693 0.07692307692307693 0.026442307692307692
4 0.5120192307692307 0.9375 0.02403846153846154 0.057692307692307696
3 0.8401442307692307 0.9567307692307693 0.055288461538461536 0.057692307692307696