0 0.0733173076923077 0.09495192307692307 0.04807692307692308 0.0673076923076923
2 0.47836538461538464 0.5024038461538461 0.04326923076923077 0.04326923076923077
4 0.4735576923076923 0.11298076923076923 0.05048076923076923 0.057692307692307696
5 0.11899038461538461 0.21754807692307693 0.06009615384615385 0.07692307692307693
5 0.5817307692307693 0.140625 0.028846153846153848 0.0889423076923077
3 0.9266826923076923 0.37740384615384615 0.052884615384615384 0.038461538461538464
0 0.11658653846153846 0.5805288461538461 0.08413461538461539 0.08413461538461539
4 0.16466346153846154 0.9459134615384616 0.10336538461538461 0.10336538461538461
1 0.47716346153846156 0.8894230769230769 0.06971153846153846 0.0673076923076923
5 0.625 0.8725961538461539 0.038461538461538464 0.0625
5 0.7199519230769231 0.9807692307692307 0.040865384615384616 0.03365384615384615
3 0.8076923076923077 0.9146634615384616 0.04807692307692308 0.11298076923076923