0 0.484375 0.296875 0.04807692307692308 0.0673076923076923
4 0.078125 0.2980769230769231 0.04807692307692308 0.052884615384615384
4 0.8509615384615384 0.004807692307692308 0.052884615384615384 0.009615384615384616
1 0.8497596153846154 0.4170673076923077 0.06971153846153846 0.07451923076923077
5 0.8425480769230769 0.03365384615384615 0.07451923076923077 0.0673076923076923
4 0.18028846153846154 0.9242788461538461 0.04807692307692308 0.05048076923076923
2 0.1778846153846154 0.4879807692307692 0.04807692307692308 0.019230769230769232
5 0.16826923076923078 0.9471153846153846 0.038461538461538464 0.03365384615384615
4 0.9182692307692307 0.8112980769230769 0.038461538461538464 0.055288461538461536
5 0.6923076923076923 0.8689903846153846 0.057692307692307696 0.07451923076923077
3 0.5949519230769231 0.7980769230769231 0.05048076923076923 0.08653846153846154