4 0.39903846153846156 0.056490384615384616 0.052884615384615384 0.04807692307692308
5 0.41466346153846156 0.1622596153846154 0.038461538461538464 0.028846153846153848
3 0.39903846153846156 0.4891826923076923 0.03125 0.04807692307692308
2 0.59375 0.22235576923076922 0.028846153846153848 0.05048076923076923
4 0.7560096153846154 0.22355769230769232 0.036057692307692304 0.07211538461538461
1 0.9182692307692307 0.2247596153846154 0.028846153846153848 0.05048076923076923
5 0.6370192307692307 0.23918269230769232 0.02403846153846154 0.05048076923076923
5 0.7848557692307693 0.4651442307692308 0.021634615384615384 0.03125
0 0.3173076923076923 0.6225961538461539 0.0625 0.04807692307692308
4 0.5108173076923077 0.6682692307692307 0.021634615384615384 0.07211538461538461
1 0.8834134615384616 0.6838942307692307 0.06490384615384616 0.07692307692307693