2 0.4519230769230769 0.3858173076923077 0.04807692307692308 0.0673076923076923
5 0.4855769230769231 0.19831730769230768 0.04326923076923077 0.03365384615384615
0 0.78125 0.11658653846153846 0.04807692307692308 0.06971153846153846
5 0.7896634615384616 0.2091346153846154 0.05048076923076923 0.04807692307692308
4 0.3317307692307692 0.7644230769230769 0.0673076923076923 0.07692307692307693
5 0.46033653846153844 0.8064903846153846 0.06009615384615385 0.055288461538461536
3 0.6694711538461539 0.7944711538461539 0.036057692307692304 0.07451923076923077
0 0.010817307692307692 0.7584134615384616 0.021634615384615384 0.10336538461538461
4 0.8954326923076923 0.5276442307692307 0.0985576923076923 0.0985576923076923
2 0.7716346153846154 0.8966346153846154 0.07692307692307693 0.07692307692307693
5 0.9555288461538461 0.4326923076923077 0.04567307692307692 0.009615384615384616