5 0.027644230769230768 0.009615384615384616 0.055288461538461536 0.019230769230769232
5 0.027644230769230768 0.3425480769230769 0.055288461538461536 0.04567307692307692
4 0.027644230769230768 0.052884615384615384 0.05048076923076923 0.055288461538461536
4 0.625 0.1658653846153846 0.052884615384615384 0.055288461538461536
5 0.6466346153846154 0.13701923076923078 0.028846153846153848 0.036057692307692304
5 0.6778846153846154 0.31850961538461536 0.036057692307692304 0.03125
4 0.23197115384615385 0.8942307692307693 0.0673076923076923 0.0625
1 0.2512019230769231 0.4567307692307692 0.06971153846153846 0.0673076923076923
5 0.31490384615384615 0.5985576923076923 0.057692307692307696 0.09615384615384616
4 0.5168269230769231 0.9399038461538461 0.052884615384615384 0.04807692307692308
5 0.5180288461538461 0.7800480769230769 0.06490384615384616 0.06971153846153846
1 0.5336538461538461 0.5384615384615384 0.06971153846153846 0.05048076923076923
3 0.8617788461538461 0.9519230769230769 0.06490384615384616 0.09134615384615384