4 0.16105769230769232 0.32091346153846156 0.04807692307692308 0.06009615384615385
5 0.009615384615384616 0.515625 0.019230769230769232 0.06490384615384616
0 0.5637019230769231 0.29927884615384615 0.04567307692307692 0.07451923076923077
5 0.5480769230769231 0.17908653846153846 0.052884615384615384 0.036057692307692304
5 0.9447115384615384 0.24158653846153846 0.057692307692307696 0.06490384615384616
3 0.8569711538461539 0.30408653846153844 0.04567307692307692 0.0889423076923077
5 0.3798076923076923 0.7872596153846154 0.07211538461538461 0.07451923076923077
2 0.38100961538461536 0.5853365384615384 0.0985576923076923 0.03125
4 0.3762019230769231 0.9471153846153846 0.05048076923076923 0.04807692307692308
3 0.025240384615384616 0.9362980769230769 0.05048076923076923 0.0889423076923077
0 0.7079326923076923 0.9555288461538461 0.016826923076923076 0.08413461538461539
5 0.6442307692307693 0.8509615384615384 0.0625 0.05048076923076923