3 0.014423076923076924 0.11177884615384616 0.028846153846153848 0.040865384615384616
5 0.22716346153846154 0.16346153846153846 0.057692307692307696 0.038461538461538464
4 0.43509615384615385 0.10216346153846154 0.04326923076923077 0.055288461538461536
1 0.8125 0.23076923076923078 0.0673076923076923 0.07211538461538461
0 0.4338942307692308 0.5276442307692307 0.04567307692307692 0.06490384615384616
4 0.03245192307692308 0.5288461538461539 0.04807692307692308 0.052884615384615384
5 0.016826923076923076 0.7007211538461539 0.026442307692307692 0.026442307692307692
1 0.028846153846153848 0.9747596153846154 0.04326923076923077 0.03125
4 0.6947115384615384 0.7524038461538461 0.052884615384615384 0.04807692307692308
5 0.4795673076923077 0.5721153846153846 0.040865384615384616 0.07211538461538461
5 0.9399038461538461 0.5793269230769231 0.0673076923076923 0.07211538461538461