4 0.26322115384615385 0.2824519230769231 0.052884615384615384 0.04807692307692308
5 0.8870192307692307 0.07451923076923077 0.05048076923076923 0.03125
1 0.9543269230769231 0.296875 0.028846153846153848 0.04326923076923077
4 0.5408653846153846 0.30408653846153844 0.05048076923076923 0.05048076923076923
5 0.28725961538461536 0.5649038461538461 0.03365384615384615 0.040865384615384616
4 0.26322115384615385 0.5528846153846154 0.055288461538461536 0.05048076923076923
5 0.4230769230769231 0.6670673076923077 0.0625 0.055288461538461536
3 0.26322115384615385 0.9819711538461539 0.036057692307692304 0.03125
2 0.4987980769230769 0.5012019230769231 0.040865384615384616 0.06971153846153846
4 0.9038461538461539 0.5132211538461539 0.04807692307692308 0.05048076923076923
5 0.9711538461538461 0.5324519230769231 0.052884615384615384 0.07451923076923077
3 0.8846153846153846 0.8653846153846154 0.08413461538461539 0.04807692307692308