3 0.3173076923076923 0.4326923076923077 0.03365384615384615 0.028846153846153848
4 0.3173076923076923 0.054086538461538464 0.052884615384615384 0.04807692307692308
5 0.2439903846153846 0.15865384615384615 0.052884615384615384 0.028846153846153848
5 0.3918269230769231 0.18509615384615385 0.04326923076923077 0.052884615384615384
5 0.8725961538461539 0.15625 0.08653846153846154 0.07211538461538461
4 0.8533653846153846 0.18509615384615385 0.0673076923076923 0.0625
4 0.17307692307692307 0.7644230769230769 0.055288461538461536 0.052884615384615384
5 0.20192307692307693 0.7860576923076923 0.036057692307692304 0.028846153846153848
5 0.020432692307692308 0.8173076923076923 0.03125 0.036057692307692304
4 0.8401442307692307 0.65625 0.055288461538461536 0.038461538461538464
5 0.8978365384615384 0.8822115384615384 0.07451923076923077 0.057692307692307696
3 0.8269230769230769 0.9771634615384616 0.08653846153846154 0.040865384615384616