1 0.31490384615384615 0.006009615384615385 0.04807692307692308 0.01201923076923077
4 0.2824519230769231 0.42788461538461536 0.04807692307692308 0.05048076923076923
5 0.34615384615384615 0.5132211538461539 0.07932692307692307 0.057692307692307696
5 0.3918269230769231 0.3605769230769231 0.040865384615384616 0.036057692307692304
4 0.5192307692307693 0.5024038461538461 0.052884615384615384 0.04807692307692308
5 0.5204326923076923 0.3425480769230769 0.06490384615384616 0.06971153846153846
1 0.5360576923076923 0.10096153846153846 0.06971153846153846 0.05048076923076923
3 0.8629807692307693 0.5276442307692307 0.0625 0.11778846153846154
4 0.06971153846153846 0.953125 0.08653846153846154 0.0889423076923077
5 0.03245192307692308 0.9447115384615384 0.021634615384615384 0.04326923076923077
1 0.421875 0.8810096153846154 0.0889423076923077 0.13701923076923078
0 0.4891826923076923 0.7884615384615384 0.021634615384615384 0.0673076923076923
5 0.90625 0.7728365384615384 0.052884615384615384 0.03365384615384615
4 0.8822115384615384 0.7896634615384616 0.04807692307692308 0.052884615384615384
5 0.7944711538461539 0.7860576923076923 0.02403846153846154 0.028846153846153848