4 0.3798076923076923 0.1935096153846154 0.05048076923076923 0.04807692307692308
5 0.29447115384615385 0.24639423076923078 0.06009615384615385 0.06009615384615385
5 0.8100961538461539 0.20192307692307693 0.08653846153846154 0.0625
0 0.7163461538461539 0.042067307692307696 0.09134615384615384 0.05048076923076923
4 0.026442307692307692 0.5853365384615384 0.052884615384615384 0.06490384615384616
1 0.41586538461538464 0.5973557692307693 0.07692307692307693 0.07932692307692307
3 0.030048076923076924 0.9423076923076923 0.06009615384615385 0.057692307692307696
5 0.08173076923076923 0.3605769230769231 0.0673076923076923 0.057692307692307696
5 0.6322115384615384 0.4543269230769231 0.052884615384615384 0.04807692307692308
4 0.6622596153846154 0.5264423076923077 0.06490384615384616 0.0625
5 0.7884615384615384 0.6177884615384616 0.04807692307692308 0.04807692307692308
3 0.6358173076923077 0.8713942307692307 0.06490384615384616 0.06490384615384616