4 0.2692307692307692 0.20552884615384615 0.04807692307692308 0.052884615384615384
1 0.59375 0.018028846153846152 0.04807692307692308 0.036057692307692304
4 0.6117788461538461 0.484375 0.05048076923076923 0.04567307692307692
5 0.7800480769230769 0.2980769230769231 0.05048076923076923 0.0625
5 0.33774038461538464 0.6862980769230769 0.04567307692307692 0.021634615384615384
4 0.37740384615384615 0.6899038461538461 0.0673076923076923 0.04807692307692308
1 0.3786057692307692 0.5276442307692307 0.06009615384615385 0.026442307692307692
2 0.38221153846153844 0.8533653846153846 0.0625 0.03365384615384615
5 0.4026442307692308 0.7091346153846154 0.03125 0.014423076923076924
0 0.026442307692307692 0.6875 0.052884615384615384 0.04807692307692308
4 0.9338942307692307 0.5372596153846154 0.08413461538461539 0.055288461538461536
5 0.9350961538461539 0.5336538461538461 0.057692307692307696 0.04807692307692308
0 0.953125 0.9194711538461539 0.07451923076923077 0.06490384615384616
1 0.6430288461538461 0.546875 0.05048076923076923 0.07451923076923077