5 0.027644230769230768 0.2127403846153846 0.055288461538461536 0.05048076923076923
4 0.90625 0.19230769230769232 0.057692307692307696 0.04807692307692308
0 0.6189903846153846 0.014423076923076924 0.06009615384615385 0.028846153846153848
2 0.04567307692307692 0.5540865384615384 0.08173076923076923 0.06009615384615385
4 0.49278846153846156 0.5552884615384616 0.04807692307692308 0.052884615384615384
5 0.3112980769230769 0.7848557692307693 0.06971153846153846 0.06490384615384616
3 0.4723557692307692 0.8930288461538461 0.055288461538461536 0.06009615384615385
5 0.32091346153846156 0.33774038461538464 0.07451923076923077 0.016826923076923076
1 0.7884615384615384 0.4483173076923077 0.038461538461538464 0.040865384615384616
4 0.6346153846153846 0.6141826923076923 0.04807692307692308 0.05048076923076923
3 0.9182692307692307 0.7740384615384616 0.04326923076923077 0.04807692307692308