4 0.06971153846153846 0.21153846153846154 0.05048076923076923 0.052884615384615384
2 0.8882211538461539 0.02403846153846154 0.06971153846153846 0.04807692307692308
3 0.4831730769230769 0.4543269230769231 0.028846153846153848 0.02403846153846154
4 0.8882211538461539 0.4519230769230769 0.055288461538461536 0.028846153846153848
5 0.8233173076923077 0.31850961538461536 0.02403846153846154 0.036057692307692304
4 0.13701923076923078 0.8076923076923077 0.052884615384615384 0.04807692307692308
5 0.0673076923076923 0.9855769230769231 0.07211538461538461 0.02403846153846154
0 0.45913461538461536 0.828125 0.014423076923076924 0.0985576923076923
5 0.9711538461538461 0.8485576923076923 0.052884615384615384 0.052884615384615384
5 0.9290865384615384 0.53125 0.04807692307692308 0.057692307692307696
4 0.8365384615384616 0.6129807692307693 0.04326923076923077 0.057692307692307696
1 0.8233173076923077 0.984375 0.06971153846153846 0.026442307692307692
3 0.4879807692307692 0.5985576923076923 0.038461538461538464 0.08653846153846154