1 0.4423076923076923 0.2668269230769231 0.009615384615384616 0.07211538461538461
4 0.018028846153846152 0.26802884615384615 0.036057692307692304 0.05048076923076923
4 0.6947115384615384 0.09735576923076923 0.057692307692307696 0.06009615384615385
5 0.6045673076923077 0.20432692307692307 0.07451923076923077 0.052884615384615384
3 0.671875 0.43990384615384615 0.09375 0.052884615384615384
2 0.016826923076923076 0.6875 0.03365384615384615 0.0673076923076923
5 0.42908653846153844 0.6899038461538461 0.036057692307692304 0.04807692307692308
4 0.43990384615384615 0.6899038461538461 0.014423076923076924 0.052884615384615384
5 0.35216346153846156 0.9158653846153846 0.05048076923076923 0.04326923076923077
5 0.78125 0.8197115384615384 0.038461538461538464 0.04807692307692308
5 0.7560096153846154 0.8834134615384616 0.026442307692307692 0.026442307692307692
4 0.6538461538461539 0.8509615384615384 0.052884615384615384 0.04807692307692308