5 0.5420673076923077 0.06370192307692307 0.06009615384615385 0.036057692307692304
0 0.1201923076923077 0.009615384615384616 0.052884615384615384 0.019230769230769232
2 0.5348557692307693 0.4254807692307692 0.05048076923076923 0.02403846153846154
4 0.640625 0.36658653846153844 0.10336538461538461 0.0889423076923077
5 0.7415865384615384 0.14903846153846154 0.07932692307692307 0.0673076923076923
1 0.9879807692307693 0.0889423076923077 0.019230769230769232 0.125
5 0.5336538461538461 0.8016826923076923 0.055288461538461536 0.038461538461538464
4 0.5216346153846154 0.7139423076923077 0.04567307692307692 0.05048076923076923
0 0.11177884615384616 0.71875 0.04807692307692308 0.0673076923076923
3 0.984375 0.6610576923076923 0.026442307692307692 0.03365384615384615
4 0.6105769230769231 0.6622596153846154 0.04326923076923077 0.055288461538461536
5 0.7115384615384616 0.734375 0.028846153846153848 0.052884615384615384
5 0.7379807692307693 0.5865384615384616 0.052884615384615384 0.04326923076923077