1 0.5180288461538461 0.11778846153846154 0.038461538461538464 0.052884615384615384
4 0.06850961538461539 0.11538461538461539 0.05048076923076923 0.05048076923076923
5 0.05048076923076923 0.08533653846153846 0.04807692307692308 0.052884615384615384
5 0.10576923076923077 0.40024038461538464 0.03365384615384615 0.036057692307692304
4 0.5564903846153846 0.05889423076923077 0.016826923076923076 0.05048076923076923
5 0.5637019230769231 0.17307692307692307 0.03125 0.04326923076923077
5 0.40024038461538464 0.6682692307692307 0.03365384615384615 0.052884615384615384
4 0.38341346153846156 0.6442307692307693 0.052884615384615384 0.04807692307692308
5 0.3870192307692308 0.5564903846153846 0.028846153846153848 0.02403846153846154
5 0.8798076923076923 0.6177884615384616 0.057692307692307696 0.0673076923076923
2 0.6262019230769231 0.78125 0.07451923076923077 0.11538461538461539