5 0.24879807692307693 0.2824519230769231 0.028846153846153848 0.028846153846153848
4 0.3449519230769231 0.22956730769230768 0.05048076923076923 0.04807692307692308
5 0.9867788461538461 0.13341346153846154 0.021634615384615384 0.05048076923076923
5 0.9699519230769231 0.19591346153846154 0.026442307692307692 0.026442307692307692
4 0.8677884615384616 0.16346153846153846 0.052884615384615384 0.04807692307692308
4 0.3088942307692308 0.9242788461538461 0.07932692307692307 0.07451923076923077
5 0.47596153846153844 0.9447115384615384 0.019230769230769232 0.07692307692307693
3 0.45913461538461536 0.6069711538461539 0.04567307692307692 0.06490384615384616
4 0.5649038461538461 0.5480769230769231 0.09615384615384616 0.019230769230769232
5 0.7091346153846154 0.5552884615384616 0.0673076923076923 0.03365384615384615
3 0.84375 0.8173076923076923 0.0673076923076923 0.10096153846153846