5 0.3173076923076923 0.31850961538461536 0.040865384615384616 0.03365384615384615
5 0.1658653846153846 0.06971153846153846 0.026442307692307692 0.028846153846153848
4 0.22115384615384615 0.16706730769230768 0.05048076923076923 0.055288461538461536
1 0.8918269230769231 0.3737980769230769 0.028846153846153848 0.05048076923076923
5 0.8834134615384616 0.28125 0.06009615384615385 0.038461538461538464
5 0.8545673076923077 0.18990384615384615 0.06971153846153846 0.03365384615384615
4 0.7463942307692307 0.21394230769230768 0.052884615384615384 0.05048076923076923
1 0.47475961538461536 0.9146634615384616 0.06490384615384616 0.0889423076923077
0 0.9867788461538461 0.5600961538461539 0.021634615384615384 0.0625
5 0.9507211538461539 0.9314903846153846 0.08413461538461539 0.036057692307692304
4 0.8942307692307693 0.8269230769230769 0.04326923076923077 0.057692307692307696
2 0.6358173076923077 0.5841346153846154 0.07451923076923077 0.07692307692307693