1 0.4182692307692308 0.38100961538461536 0.038461538461538464 0.055288461538461536
5 0.051682692307692304 0.2800480769230769 0.08653846153846154 0.05048076923076923
4 0.9158653846153846 0.20673076923076922 0.125 0.12980769230769232
5 0.9879807692307693 0.5096153846153846 0.019230769230769232 0.07692307692307693
3 0.5841346153846154 0.5336538461538461 0.08173076923076923 0.04326923076923077
5 0.7800480769230769 0.037259615384615384 0.06971153846153846 0.07451923076923077
4 0.38221153846153844 0.5925480769230769 0.11057692307692307 0.06971153846153846
5 0.14903846153846154 0.8125 0.04326923076923077 0.055288461538461536
3 0.052884615384615384 0.9447115384615384 0.10576923076923077 0.08173076923076923
5 0.5709134615384616 0.5853365384615384 0.021634615384615384 0.055288461538461536
5 0.9711538461538461 0.6766826923076923 0.03365384615384615 0.06009615384615385
2 0.5048076923076923 0.6875 0.07211538461538461 0.07692307692307693