4 0.2439903846153846 0.23317307692307693 0.055288461538461536 0.052884615384615384
5 0.22596153846153846 0.20793269230769232 0.04567307692307692 0.04326923076923077
5 0.7932692307692307 0.31971153846153844 0.040865384615384616 0.028846153846153848
4 0.6742788461538461 0.3641826923076923 0.052884615384615384 0.04807692307692308
5 0.5132211538461539 0.41225961538461536 0.03125 0.03365384615384615
5 0.3245192307692308 0.4963942307692308 0.052884615384615384 0.036057692307692304
5 0.19110576923076922 0.5324519230769231 0.04567307692307692 0.05048076923076923
4 0.18509615384615385 0.5420673076923077 0.0625 0.04567307692307692
1 0.3125 0.9122596153846154 0.11057692307692307 0.06490384615384616
5 0.484375 0.53125 0.06490384615384616 0.08173076923076923
5 0.5588942307692307 0.609375 0.040865384615384616 0.05048076923076923
4 0.6177884615384616 0.7127403846153846 0.11057692307692307 0.10336538461538461
0 0.8605769230769231 0.45913461538461536 0.07211538461538461 0.038461538461538464