0 0.1045673076923077 0.24759615384615385 0.05048076923076923 0.07211538461538461
4 0.5228365384615384 0.23798076923076922 0.04807692307692308 0.052884615384615384
5 0.6442307692307693 0.07932692307692307 0.026442307692307692 0.03125
5 0.9134615384615384 0.09735576923076923 0.0673076923076923 0.07211538461538461
1 0.17427884615384615 0.5721153846153846 0.03365384615384615 0.04807692307692308
0 0.24278846153846154 0.9663461538461539 0.04326923076923077 0.0625
5 0.24278846153846154 0.6826923076923077 0.0673076923076923 0.038461538461538464
4 0.33413461538461536 0.7175480769230769 0.052884615384615384 0.055288461538461536
3 0.4519230769230769 0.3641826923076923 0.06009615384615385 0.06490384615384616
2 0.5841346153846154 0.9471153846153846 0.07451923076923077 0.07692307692307693
5 0.8822115384615384 0.4483173076923077 0.040865384615384616 0.03365384615384615
4 0.9747596153846154 0.6009615384615384 0.04567307692307692 0.057692307692307696