0 0.35096153846153844 0.06490384615384616 0.06490384615384616 0.04326923076923077
2 0.6081730769230769 0.23677884615384615 0.038461538461538464 0.040865384615384616
5 0.875 0.28966346153846156 0.038461538461538464 0.08413461538461539
4 0.8245192307692307 0.38100961538461536 0.07211538461538461 0.01201923076923077
5 0.3449519230769231 0.7403846153846154 0.03365384615384615 0.06971153846153846
5 0.43990384615384615 0.7668269230769231 0.038461538461538464 0.06009615384615385
1 0.5228365384615384 0.7860576923076923 0.052884615384615384 0.04326923076923077
0 0.09495192307692307 0.828125 0.06490384615384616 0.040865384615384616
4 0.3737980769230769 0.9302884615384616 0.055288461538461536 0.04807692307692308
0 0.6490384615384616 0.453125 0.06971153846153846 0.052884615384615384
4 0.6586538461538461 0.8822115384615384 0.05048076923076923 0.04807692307692308
5 0.7439903846153846 0.7848557692307693 0.040865384615384616 0.028846153846153848