4 0.15745192307692307 0.18028846153846154 0.052884615384615384 0.055288461538461536
5 0.12860576923076922 0.19471153846153846 0.04567307692307692 0.055288461538461536
5 0.4375 0.13701923076923078 0.038461538461538464 0.036057692307692304
0 0.5324519230769231 0.109375 0.06490384615384616 0.0889423076923077
5 0.5240384615384616 0.41346153846153844 0.04807692307692308 0.04326923076923077
4 0.625 0.5024038461538461 0.057692307692307696 0.057692307692307696
5 0.6418269230769231 0.17548076923076922 0.04807692307692308 0.04807692307692308
1 0.9735576923076923 0.3762019230769231 0.04807692307692308 0.0889423076923077
5 0.12139423076923077 0.9507211538461539 0.07451923076923077 0.036057692307692304
1 0.13942307692307693 0.6947115384615384 0.04326923076923077 0.052884615384615384
5 0.25600961538461536 0.8834134615384616 0.08413461538461539 0.040865384615384616
4 0.28966346153846156 0.859375 0.05048076923076923 0.05048076923076923
5 0.8629807692307693 0.796875 0.09615384615384616 0.036057692307692304
0 0.8713942307692307 0.6935096153846154 0.040865384615384616 0.06490384615384616
5 0.9711538461538461 0.671875 0.052884615384615384 0.040865384615384616
4 0.9903846153846154 0.90625 0.014423076923076924 0.07211538461538461