4 0.17548076923076922 0.5228365384615384 0.04807692307692308 0.052884615384615384
1 0.16706730769230768 0.03245192307692308 0.05048076923076923 0.038461538461538464
0 0.5324519230769231 0.3870192307692308 0.040865384615384616 0.057692307692307696
5 0.5793269230769231 0.2512019230769231 0.052884615384615384 0.036057692307692304
4 0.6598557692307693 0.11298076923076923 0.036057692307692304 0.052884615384615384
2 0.9350961538461539 0.33653846153846156 0.057692307692307696 0.08173076923076923
5 0.010817307692307692 0.7980769230769231 0.021634615384615384 0.04326923076923077
4 0.13701923076923078 0.6983173076923077 0.10096153846153846 0.0889423076923077
0 0.5264423076923077 0.953125 0.04567307692307692 0.06490384615384616
5 0.8209134615384616 0.8701923076923077 0.040865384615384616 0.03365384615384615
4 0.9290865384615384 0.9567307692307693 0.04807692307692308 0.04807692307692308