0 0.515625 0.265625 0.04807692307692308 0.06490384615384616
5 0.14783653846153846 0.2608173076923077 0.04567307692307692 0.07211538461538461
4 0.1201923076923077 0.2860576923076923 0.05048076923076923 0.05048076923076923
5 0.8665865384615384 0.019230769230769232 0.08413461538461539 0.038461538461538464
5 0.7872596153846154 0.078125 0.05048076923076923 0.040865384615384616
4 0.6838942307692307 0.13701923076923078 0.10336538461538461 0.11057692307692307
0 0.9591346153846154 0.3798076923076923 0.07692307692307693 0.07211538461538461
5 0.46033653846153844 0.6021634615384616 0.08413461538461539 0.06009615384615385
4 0.30288461538461536 0.6959134615384616 0.09375 0.12259615384615384
5 0.06971153846153846 0.46033653846153844 0.057692307692307696 0.040865384615384616
0 0.8004807692307693 0.671875 0.040865384615384616 0.06490384615384616
5 0.7836538461538461 0.9831730769230769 0.0625 0.028846153846153848
4 0.6502403846153846 0.8545673076923077 0.05048076923076923 0.055288461538461536