0 0.014423076923076924 0.11177884615384616 0.028846153846153848 0.07932692307692307
5 0.43028846153846156 0.15504807692307693 0.03125 0.026442307692307692
4 0.43028846153846156 0.09975961538461539 0.04567307692307692 0.052884615384615384
5 0.7692307692307693 0.22355769230769232 0.04326923076923077 0.04326923076923077
4 0.9507211538461539 0.35096153846153844 0.06009615384615385 0.052884615384615384
5 0.7247596153846154 0.12620192307692307 0.03125 0.03125
2 0.24519230769230768 0.7391826923076923 0.038461538461538464 0.04567307692307692
4 0.36899038461538464 0.5336538461538461 0.03125 0.052884615384615384
3 0.5709134615384616 0.8485576923076923 0.06009615384615385 0.0673076923076923
5 0.90625 0.5985576923076923 0.08653846153846154 0.04807692307692308
2 0.9831730769230769 0.7668269230769231 0.028846153846153848 0.04807692307692308