0 0.4855769230769231 0.36899038461538464 0.04807692307692308 0.06009615384615385
5 0.12259615384615384 0.24759615384615385 0.04807692307692308 0.06971153846153846
4 0.09375 0.33653846153846156 0.04807692307692308 0.052884615384615384
0 0.9098557692307693 0.02283653846153846 0.028846153846153848 0.04567307692307692
1 0.7391826923076923 0.3557692307692308 0.040865384615384616 0.04326923076923077
4 0.7103365384615384 0.057692307692307696 0.040865384615384616 0.038461538461538464
5 0.36899038461538464 0.5600961538461539 0.0889423076923077 0.04326923076923077
4 0.2091346153846154 0.6430288461538461 0.09134615384615384 0.08413461538461539
5 0.16706730769230768 0.7788461538461539 0.0625 0.06009615384615385
0 0.49399038461538464 0.8990384615384616 0.07211538461538461 0.08173076923076923
4 0.6923076923076923 0.9627403846153846 0.07211538461538461 0.06971153846153846
5 0.6274038461538461 0.6334134615384616 0.07211538461538461 0.040865384615384616