5 0.13942307692307693 0.11298076923076923 0.04807692307692308 0.06971153846153846
4 0.16947115384615385 0.026442307692307692 0.05048076923076923 0.052884615384615384
2 0.1778846153846154 0.3798076923076923 0.038461538461538464 0.014423076923076924
5 0.7632211538461539 0.3004807692307692 0.08413461538461539 0.038461538461538464
0 0.7728365384615384 0.19110576923076922 0.040865384615384616 0.06490384615384616
5 0.25721153846153844 0.7091346153846154 0.028846153846153848 0.040865384615384616
4 0.3016826923076923 0.828125 0.04807692307692308 0.052884615384615384
5 0.34975961538461536 0.9855769230769231 0.036057692307692304 0.02403846153846154
4 0.8341346153846154 0.5084134615384616 0.07211538461538461 0.06009615384615385
5 0.8822115384615384 0.8461538461538461 0.07692307692307693 0.019230769230769232
5 0.9771634615384616 0.44591346153846156 0.040865384615384616 0.036057692307692304
2 0.9783653846153846 0.9122596153846154 0.038461538461538464 0.07451923076923077
0 0.47115384615384615 0.6766826923076923 0.04326923076923077 0.10817307692307693