4 0.515625 0.2860576923076923 0.04567307692307692 0.052884615384615384
5 0.6129807692307693 0.13221153846153846 0.04807692307692308 0.03365384615384615
0 0.11298076923076923 0.28725961538461536 0.04326923076923077 0.06490384615384616
0 0.6502403846153846 0.4110576923076923 0.021634615384615384 0.0673076923076923
5 0.6586538461538461 0.015625 0.038461538461538464 0.03125
4 0.7439903846153846 0.18629807692307693 0.05048076923076923 0.055288461538461536
5 0.7536057692307693 0.25841346153846156 0.06490384615384616 0.036057692307692304
2 0.9483173076923077 0.4495192307692308 0.07451923076923077 0.07692307692307693
4 0.27403846153846156 0.984375 0.10096153846153846 0.026442307692307692
1 0.5853365384615384 0.6586538461538461 0.0889423076923077 0.08653846153846154
0 0.026442307692307692 0.7824519230769231 0.052884615384615384 0.0889423076923077
5 0.8305288461538461 0.7572115384615384 0.021634615384615384 0.028846153846153848
5 0.8004807692307693 0.8329326923076923 0.038461538461538464 0.021634615384615384
4 0.8269230769230769 0.7596153846153846 0.08653846153846154 0.11538461538461539