4 0.1875 0.25600961538461536 0.052884615384615384 0.04567307692307692
5 0.3425480769230769 0.3545673076923077 0.03125 0.05048076923076923
5 0.1201923076923077 0.5108173076923077 0.07692307692307693 0.03125
2 0.6177884615384616 0.2704326923076923 0.019230769230769232 0.07451923076923077
1 0.4254807692307692 0.7872596153846154 0.052884615384615384 0.04326923076923077
5 0.3329326923076923 0.7908653846153846 0.036057692307692304 0.052884615384615384
0 0.02403846153846154 0.8221153846153846 0.04807692307692308 0.04326923076923077
5 0.28846153846153844 0.8786057692307693 0.03365384615384615 0.06971153846153846
4 0.27283653846153844 0.9387019230769231 0.05048076923076923 0.05048076923076923
4 0.6850961538461539 0.9146634615384616 0.055288461538461536 0.052884615384615384
5 0.6706730769230769 0.8858173076923077 0.055288461538461536 0.04567307692307692