5 0.11538461538461539 0.1466346153846154 0.028846153846153848 0.11057692307692307
3 0.29927884615384615 0.09495192307692307 0.04807692307692308 0.03125
4 0.6165865384615384 0.4543269230769231 0.04807692307692308 0.052884615384615384
5 0.7379807692307693 0.2956730769230769 0.026442307692307692 0.03125
1 0.609375 0.008413461538461538 0.05048076923076923 0.016826923076923076
5 0.027644230769230768 0.9098557692307693 0.055288461538461536 0.055288461538461536
5 0.11658653846153846 0.8016826923076923 0.04567307692307692 0.04567307692307692
1 0.21394230769230768 0.7259615384615384 0.08653846153846154 0.08653846153846154
4 0.6778846153846154 0.8112980769230769 0.04807692307692308 0.06971153846153846
2 0.38341346153846156 0.9447115384615384 0.06971153846153846 0.0673076923076923
5 0.421875 0.6610576923076923 0.04567307692307692 0.02403846153846154