4 0.30288461538461536 0.34134615384615385 0.04807692307692308 0.052884615384615384
1 0.29086538461538464 0.7319711538461539 0.04326923076923077 0.007211538461538462
5 0.20673076923076922 0.5120192307692307 0.055288461538461536 0.0625
5 0.04567307692307692 0.2980769230769231 0.028846153846153848 0.11057692307692307
1 0.9423076923076923 0.5420673076923077 0.028846153846153848 0.05048076923076923
5 0.9338942307692307 0.4495192307692308 0.06009615384615385 0.038461538461538464
5 0.9050480769230769 0.3581730769230769 0.06971153846153846 0.03365384615384615
0 0.8978365384615384 0.12379807692307693 0.040865384615384616 0.06490384615384616
4 0.796875 0.38221153846153844 0.052884615384615384 0.05048076923076923
3 0.6538461538461539 0.7235576923076923 0.0625 0.02403846153846154
5 0.35697115384615385 0.9927884615384616 0.05048076923076923 0.009615384615384616
5 0.7932692307692307 0.9086538461538461 0.055288461538461536 0.028846153846153848
4 0.7788461538461539 0.7980769230769231 0.04567307692307692 0.05048076923076923