0 0.019230769230769232 0.23677884615384615 0.038461538461538464 0.07451923076923077
4 0.41586538461538464 0.23557692307692307 0.05048076923076923 0.052884615384615384
5 0.3918269230769231 0.25600961538461536 0.040865384615384616 0.040865384615384616
0 0.6189903846153846 0.027644230769230768 0.040865384615384616 0.055288461538461536
2 0.6189903846153846 0.43509615384615385 0.040865384615384616 0.04326923076923077
4 0.7475961538461539 0.22716346153846154 0.04326923076923077 0.06971153846153846
5 0.8942307692307693 0.3401442307692308 0.09615384615384616 0.036057692307692304
5 0.006009615384615385 0.7379807692307693 0.01201923076923077 0.04326923076923077
4 0.0889423076923077 0.8269230769230769 0.057692307692307696 0.057692307692307696
5 0.10576923076923077 0.5 0.04807692307692308 0.04807692307692308
1 0.4567307692307692 0.6995192307692307 0.08653846153846154 0.08653846153846154
5 0.6057692307692307 0.6177884615384616 0.014423076923076924 0.04326923076923077
4 0.671875 0.7872596153846154 0.04567307692307692 0.04567307692307692
5 0.7139423076923077 0.8449519230769231 0.04807692307692308 0.07932692307692307