4 0.3389423076923077 0.17307692307692307 0.05048076923076923 0.052884615384615384
5 0.3629807692307692 0.15264423076923078 0.040865384615384616 0.040865384615384616
5 0.057692307692307696 0.20432692307692307 0.03125 0.036057692307692304
4 0.703125 0.24158653846153846 0.06490384615384616 0.06971153846153846
5 0.5805288461538461 0.5288461538461539 0.04567307692307692 0.014423076923076924
3 0.9879807692307693 0.4230769230769231 0.019230769230769232 0.07211538461538461
5 0.9038461538461539 0.17668269230769232 0.052884615384615384 0.07451923076923077
5 0.3317307692307692 0.8461538461538461 0.08653846153846154 0.04807692307692308
2 0.25 0.6790865384615384 0.038461538461538464 0.04567307692307692
4 0.11177884615384616 0.8930288461538461 0.04567307692307692 0.06971153846153846
1 0.7536057692307693 0.9711538461538461 0.04567307692307692 0.038461538461538464