0 0.23557692307692307 0.046875 0.06971153846153846 0.05048076923076923
5 0.3389423076923077 0.33653846153846156 0.05048076923076923 0.04567307692307692
0 0.9182692307692307 0.14903846153846154 0.08653846153846154 0.08653846153846154
5 0.6129807692307693 0.15384615384615385 0.04807692307692308 0.04807692307692308
4 0.5384615384615384 0.25600961538461536 0.038461538461538464 0.055288461538461536
5 0.5733173076923077 0.018028846153846152 0.040865384615384616 0.036057692307692304
1 0.4987980769230769 0.4987980769230769 0.036057692307692304 0.040865384615384616
0 0.0829326923076923 0.5564903846153846 0.06971153846153846 0.04807692307692308
5 0.296875 0.6045673076923077 0.040865384615384616 0.06009615384615385
5 0.3641826923076923 0.6466346153846154 0.040865384615384616 0.057692307692307696
4 0.36177884615384615 0.6730769230769231 0.05048076923076923 0.04326923076923077
2 0.13221153846153846 0.9543269230769231 0.08653846153846154 0.08653846153846154
1 0.9098557692307693 0.5552884615384616 0.05048076923076923 0.038461538461538464
5 0.7007211538461539 0.6622596153846154 0.040865384615384616 0.06009615384615385
5 0.7680288461538461 0.7043269230769231 0.040865384615384616 0.057692307692307696
4 0.765625 0.7307692307692307 0.05048076923076923 0.04326923076923077
2 0.5504807692307693 0.9831730769230769 0.0625 0.028846153846153848