5 0.30528846153846156 0.38221153846153844 0.04567307692307692 0.05048076923076923
4 0.19471153846153846 0.28725961538461536 0.04807692307692308 0.052884615384615384
5 0.9026442307692307 0.057692307692307696 0.040865384615384616 0.04326923076923077
4 0.7776442307692307 0.09134615384615384 0.055288461538461536 0.04807692307692308
5 0.7307692307692307 0.4362980769230769 0.038461538461538464 0.06490384615384616
1 0.6742788461538461 0.46153846153846156 0.07932692307692307 0.08653846153846154
5 0.39663461538461536 0.8990384615384616 0.03365384615384615 0.057692307692307696
4 0.3076923076923077 0.9747596153846154 0.057692307692307696 0.04567307692307692
3 0.03125 0.7211538461538461 0.0625 0.08173076923076923
0 0.9831730769230769 0.9783653846153846 0.028846153846153848 0.038461538461538464
5 0.6490384615384616 0.9038461538461539 0.03125 0.03365384615384615
4 0.5817307692307693 0.9819711538461539 0.04807692307692308 0.03125
2 0.5829326923076923 0.5661057692307693 0.04567307692307692 0.016826923076923076