5 0.34615384615384615 0.02403846153846154 0.057692307692307696 0.04807692307692308
1 0.27283653846153844 0.5012019230769231 0.06490384615384616 0.03125
4 0.96875 0.4543269230769231 0.04807692307692308 0.052884615384615384
2 0.9747596153846154 0.013221153846153846 0.04567307692307692 0.026442307692307692
3 0.5540865384615384 0.4495192307692308 0.01201923076923077 0.03365384615384615
5 0.7824519230769231 0.4483173076923077 0.036057692307692304 0.06971153846153846
5 0.5024038461538461 0.7235576923076923 0.08653846153846154 0.052884615384615384
4 0.34375 0.8137019230769231 0.09134615384615384 0.08413461538461539
5 0.3016826923076923 0.9495192307692307 0.0625 0.06009615384615385
5 0.7295673076923077 0.9278846153846154 0.06971153846153846 0.03365384615384615
1 0.7175480769230769 0.9891826923076923 0.036057692307692304 0.016826923076923076
5 0.6850961538461539 0.8942307692307693 0.0673076923076923 0.038461538461538464
0 0.6598557692307693 0.5949519230769231 0.040865384615384616 0.06490384615384616
4 0.5733173076923077 0.8605769230769231 0.05048076923076923 0.057692307692307696