5 0.16947115384615385 0.08413461538461539 0.055288461538461536 0.10576923076923077
4 0.2956730769230769 0.109375 0.04807692307692308 0.055288461538461536
2 0.3293269230769231 0.44350961538461536 0.038461538461538464 0.026442307692307692
5 0.5144230769230769 0.17548076923076922 0.028846153846153848 0.04807692307692308
5 0.7439903846153846 0.19591346153846154 0.055288461538461536 0.06490384615384616
4 0.8882211538461539 0.11658653846153846 0.08413461538461539 0.07932692307692307
2 0.6514423076923077 0.34134615384615385 0.07692307692307693 0.0673076923076923
0 0.2439903846153846 0.6262019230769231 0.040865384615384616 0.06490384615384616
4 0.3918269230769231 0.8509615384615384 0.04326923076923077 0.057692307692307696
5 0.40625 0.7560096153846154 0.10096153846153846 0.036057692307692304
5 0.4362980769230769 0.9867788461538461 0.09375 0.021634615384615384
1 0.5949519230769231 0.5120192307692307 0.021634615384615384 0.07211538461538461
5 0.8341346153846154 0.5048076923076923 0.04326923076923077 0.04326923076923077
4 0.9915865384615384 0.6334134615384616 0.01201923076923077 0.055288461538461536
2 0.7259615384615384 0.7620192307692307 0.04807692307692308 0.0673076923076923