5 0.22355769230769232 0.28846153846153844 0.040865384615384616 0.028846153846153848
4 0.1045673076923077 0.3329326923076923 0.052884615384615384 0.04807692307692308
1 0.9711538461538461 0.04326923076923077 0.03125 0.04326923076923077
4 0.5793269230769231 0.04927884615384615 0.04567307692307692 0.04807692307692308
5 0.17668269230769232 0.7584134615384616 0.036057692307692304 0.07451923076923077
0 0.021634615384615384 0.8052884615384616 0.04326923076923077 0.04326923076923077
5 0.2848557692307692 0.8545673076923077 0.040865384615384616 0.08413461538461539
4 0.26802884615384615 0.9194711538461539 0.05048076923076923 0.05048076923076923
5 0.8653846153846154 0.49158653846153844 0.03365384615384615 0.04567307692307692
4 0.7524038461538461 0.5384615384615384 0.052884615384615384 0.05048076923076923
5 0.5889423076923077 0.5625 0.03365384615384615 0.052884615384615384
2 0.33413461538461536 0.5384615384615384 0.009615384615384616 0.04807692307692308