0 0.49158653846153844 0.23557692307692307 0.04567307692307692 0.0673076923076923
5 0.12740384615384615 0.3557692307692308 0.028846153846153848 0.040865384615384616
4 0.0829326923076923 0.23677884615384615 0.04807692307692308 0.052884615384615384
5 0.03485576923076923 0.07572115384615384 0.03365384615384615 0.03125
5 0.9423076923076923 0.18028846153846154 0.0673076923076923 0.07692307692307693
4 0.7836538461538461 0.25841346153846156 0.10096153846153846 0.15144230769230768
5 0.49759615384615385 0.7752403846153846 0.09615384615384616 0.040865384615384616
4 0.49158653846153844 0.7055288461538461 0.05048076923076923 0.05048076923076923
5 0.43149038461538464 0.7283653846153846 0.07451923076923077 0.04326923076923077
3 0.018028846153846152 0.703125 0.036057692307692304 0.040865384615384616
4 0.5625 0.5168269230769231 0.028846153846153848 0.09134615384615384
2 0.9387019230769231 0.6478365384615384 0.0889423076923077 0.0889423076923077