5 0.390625 0.21875 0.055288461538461536 0.03365384615384615
4 0.30528846153846156 0.27163461538461536 0.052884615384615384 0.04807692307692308
5 0.13221153846153846 0.3137019230769231 0.07692307692307693 0.021634615384615384
2 0.6887019230769231 0.21995192307692307 0.12259615384615384 0.07451923076923077
4 0.23918269230769232 0.6887019230769231 0.04567307692307692 0.04567307692307692
5 0.5 0.7644230769230769 0.04807692307692308 0.03365384615384615
5 0.036057692307692304 0.8125 0.052884615384615384 0.038461538461538464
1 0.5372596153846154 0.8774038461538461 0.036057692307692304 0.07692307692307693
3 0.02283653846153846 0.9555288461538461 0.04567307692307692 0.06490384615384616
5 0.7403846153846154 0.7139423076923077 0.05048076923076923 0.04567307692307692
4 0.6454326923076923 0.8245192307692307 0.052884615384615384 0.04807692307692308