5 0.2764423076923077 0.20072115384615385 0.019230769230769232 0.055288461538461536
2 0.016826923076923076 0.17548076923076922 0.03365384615384615 0.04807692307692308
5 0.7259615384615384 0.08052884615384616 0.04326923076923077 0.040865384615384616
2 0.41466346153846156 0.109375 0.10817307692307693 0.07451923076923077
4 0.7596153846153846 0.20552884615384615 0.04807692307692308 0.055288461538461536
3 0.6382211538461539 0.4891826923076923 0.0889423076923077 0.036057692307692304
0 0.1814903846153846 0.9026442307692307 0.06009615384615385 0.04567307692307692
0 0.6033653846153846 0.5420673076923077 0.07211538461538461 0.04567307692307692
5 0.515625 0.9939903846153846 0.03125 0.007211538461538462
5 0.7560096153846154 0.8629807692307693 0.03125 0.03365384615384615
4 0.6057692307692307 0.9555288461538461 0.05048076923076923 0.05048076923076923