5 0.3425480769230769 0.23918269230769232 0.04807692307692308 0.04807692307692308
5 0.03365384615384615 0.3088942307692308 0.04567307692307692 0.038461538461538464
4 0.31850961538461536 0.25961538461538464 0.052884615384615384 0.055288461538461536
4 0.8930288461538461 0.27884615384615385 0.10817307692307693 0.09615384615384616
5 0.7932692307692307 0.37259615384615385 0.04807692307692308 0.03365384615384615
1 0.7067307692307693 0.5925480769230769 0.07692307692307693 0.06971153846153846
5 0.22956730769230768 0.6658653846153846 0.021634615384615384 0.026442307692307692
4 0.20673076923076922 0.6814903846153846 0.04807692307692308 0.052884615384615384
1 0.9519230769230769 0.7920673076923077 0.04326923076923077 0.05048076923076923
4 0.7800480769230769 0.6526442307692307 0.04567307692307692 0.04567307692307692
3 0.6274038461538461 0.9579326923076923 0.04326923076923077 0.05048076923076923