4 0.07451923076923077 0.21153846153846154 0.055288461538461536 0.04807692307692308
5 0.09495192307692307 0.2956730769230769 0.036057692307692304 0.03125
5 0.14543269230769232 0.21634615384615385 0.04326923076923077 0.06490384615384616
4 0.9591346153846154 0.052884615384615384 0.07692307692307693 0.07211538461538461
5 0.6262019230769231 0.11538461538461539 0.040865384615384616 0.07211538461538461
2 0.5432692307692307 0.2403846153846154 0.10096153846153846 0.07211538461538461
4 0.38822115384615385 0.6646634615384616 0.052884615384615384 0.04807692307692308
5 0.22716346153846154 0.7127403846153846 0.03125 0.03365384615384615
5 0.9435096153846154 0.6995192307692307 0.036057692307692304 0.052884615384615384
0 0.6237980769230769 0.7295673076923077 0.06490384615384616 0.040865384615384616
5 0.8990384615384616 0.7872596153846154 0.03365384615384615 0.06971153846153846
4 0.8834134615384616 0.8473557692307693 0.05048076923076923 0.05048076923076923