5 0.23317307692307693 0.3894230769230769 0.03125 0.03365384615384615
4 0.3016826923076923 0.3004807692307692 0.04567307692307692 0.052884615384615384
1 0.47596153846153844 0.3449519230769231 0.038461538461538464 0.05048076923076923
5 0.5829326923076923 0.5540865384615384 0.06009615384615385 0.040865384615384616
5 0.625 0.48677884615384615 0.057692307692307696 0.040865384615384616
4 0.6514423076923077 0.4891826923076923 0.04326923076923077 0.05048076923076923
3 0.8064903846153846 0.13701923076923078 0.06009615384615385 0.0625
4 0.04927884615384615 0.9038461538461539 0.05048076923076923 0.055288461538461536
5 0.296875 0.9819711538461539 0.0889423076923077 0.03125
1 0.6610576923076923 0.7379807692307693 0.03365384615384615 0.04807692307692308
5 0.7139423076923077 0.8100961538461539 0.0673076923076923 0.038461538461538464
5 0.765625 0.7896634615384616 0.08413461538461539 0.036057692307692304
4 0.8221153846153846 0.8942307692307693 0.04326923076923077 0.057692307692307696