5 0.07211538461538461 0.17548076923076922 0.03365384615384615 0.028846153846153848
5 0.11899038461538461 0.10576923076923077 0.026442307692307692 0.026442307692307692
4 0.14423076923076922 0.09134615384615384 0.04807692307692308 0.05048076923076923
3 0.5588942307692307 0.10576923076923077 0.036057692307692304 0.03365384615384615
0 0.7848557692307693 0.013221153846153846 0.08413461538461539 0.026442307692307692
4 0.8978365384615384 0.3798076923076923 0.055288461538461536 0.052884615384615384
5 0.7115384615384616 0.2620192307692308 0.028846153846153848 0.03365384615384615
5 0.7475961538461539 0.28365384615384615 0.02403846153846154 0.03365384615384615
0 0.07211538461538461 0.5108173076923077 0.09615384615384616 0.0889423076923077
5 0.12860576923076922 0.7740384615384616 0.036057692307692304 0.052884615384615384
5 0.16466346153846154 0.9074519230769231 0.05048076923076923 0.04567307692307692
4 0.17427884615384615 0.9134615384615384 0.04567307692307692 0.0625
1 0.5444711538461539 0.7860576923076923 0.06490384615384616 0.11057692307692307
1 0.8665865384615384 0.5240384615384616 0.06009615384615385 0.08653846153846154