0 0.421875 0.32572115384615385 0.052884615384615384 0.07692307692307693
4 0.026442307692307692 0.3401442307692308 0.052884615384615384 0.055288461538461536
5 0.3762019230769231 0.23317307692307693 0.057692307692307696 0.04567307692307692
5 0.8233173076923077 0.3485576923076923 0.021634615384615384 0.028846153846153848
5 0.8533653846153846 0.27283653846153844 0.038461538461538464 0.021634615384615384
4 0.8269230769230769 0.34615384615384615 0.08653846153846154 0.11538461538461539
1 0.4230769230769231 0.8125 0.03365384615384615 0.04807692307692308
5 0.31850961538461536 0.7608173076923077 0.08413461538461539 0.036057692307692304
4 0.2620192307692308 0.65625 0.04326923076923077 0.057692307692307696
1 0.7439903846153846 0.9759615384615384 0.036057692307692304 0.04326923076923077
0 0.6838942307692307 0.5973557692307693 0.040865384615384616 0.055288461538461536
5 0.6754807692307693 0.6574519230769231 0.055288461538461536 0.04567307692307692
5 0.6346153846153846 0.7355769230769231 0.040865384615384616 0.038461538461538464
4 0.578125 0.8497596153846154 0.016826923076923076 0.055288461538461536