1 0.203125 0.3737980769230769 0.04567307692307692 0.036057692307692304
5 0.6430288461538461 0.021634615384615384 0.021634615384615384 0.026442307692307692
4 0.6201923076923077 0.037259615384615384 0.04807692307692308 0.052884615384615384
5 0.375 0.9723557692307693 0.09615384615384616 0.036057692307692304
2 0.37259615384615385 0.6574519230769231 0.038461538461538464 0.04567307692307692
4 0.23317307692307693 0.8641826923076923 0.04326923076923077 0.06971153846153846
3 0.027644230769230768 0.5444711538461539 0.055288461538461536 0.06971153846153846
3 0.8197115384615384 0.4338942307692308 0.08653846153846154 0.03125
4 0.6754807692307693 0.828125 0.10576923076923077 0.0889423076923077
5 0.6466346153846154 0.9627403846153846 0.028846153846153848 0.06971153846153846
5 0.5612980769230769 0.7307692307692307 0.04567307692307692 0.04326923076923077