2 0.32091346153846156 0.6682692307692307 0.04326923076923077 0.055288461538461536
5 0.2620192307692308 0.3076923076923077 0.02403846153846154 0.03365384615384615
5 0.31009615384615385 0.23798076923076922 0.028846153846153848 0.026442307692307692
4 0.3245192307692308 0.21754807692307693 0.04326923076923077 0.04807692307692308
5 0.84375 0.21875 0.04326923076923077 0.04326923076923077
4 0.9507211538461539 0.3137019230769231 0.05048076923076923 0.05048076923076923
2 0.6646634615384616 0.43509615384615385 0.05048076923076923 0.08173076923076923
5 0.7836538461538461 0.4951923076923077 0.04807692307692308 0.04807692307692308
0 0.19110576923076922 0.9338942307692307 0.040865384615384616 0.06490384615384616
1 0.5625 0.8185096153846154 0.0625 0.06971153846153846
5 0.7103365384615384 0.8918269230769231 0.021634615384615384 0.026442307692307692
5 0.6622596153846154 0.9603365384615384 0.03125 0.03125
4 0.7331730769230769 0.8762019230769231 0.04807692307692308 0.052884615384615384