5 0.234375 0.18028846153846154 0.021634615384615384 0.026442307692307692
5 0.2824519230769231 0.11177884615384616 0.03125 0.03125
4 0.21153846153846154 0.19591346153846154 0.04807692307692308 0.052884615384615384
4 0.8605769230769231 0.45913461538461536 0.052884615384615384 0.014423076923076924
5 0.8365384615384616 0.31490384615384615 0.052884615384615384 0.03365384615384615
2 0.8605769230769231 0.037259615384615384 0.04567307692307692 0.05048076923076923
4 0.41586538461538464 0.6129807692307693 0.04326923076923077 0.04807692307692308
5 0.375 0.5540865384615384 0.04807692307692308 0.07932692307692307
3 0.006009615384615385 0.65625 0.01201923076923077 0.038461538461538464
5 0.9026442307692307 0.8341346153846154 0.026442307692307692 0.028846153846153848
4 0.8112980769230769 0.7427884615384616 0.055288461538461536 0.057692307692307696
1 0.47475961538461536 0.8581730769230769 0.06490384615384616 0.10576923076923077
5 0.9627403846153846 0.8509615384615384 0.03125 0.028846153846153848