3 0.31971153846153844 0.46153846153846156 0.03365384615384615 0.028846153846153848
5 0.32091346153846156 0.02403846153846154 0.03365384615384615 0.028846153846153848
4 0.3137019230769231 0.04927884615384615 0.04567307692307692 0.05048076923076923
0 0.4651442307692308 0.030048076923076924 0.06490384615384616 0.040865384615384616
5 0.78125 0.042067307692307696 0.038461538461538464 0.06009615384615385
1 0.8774038461538461 0.06129807692307692 0.052884615384615384 0.04326923076923077
4 0.6550480769230769 0.1778846153846154 0.055288461538461536 0.05048076923076923
5 0.9350961538461539 0.2644230769230769 0.038461538461538464 0.0673076923076923
3 0.9507211538461539 0.38221153846153844 0.06490384615384616 0.06009615384615385
5 0.32211538461538464 0.8966346153846154 0.028846153846153848 0.04807692307692308
0 0.5396634615384616 0.49759615384615385 0.06971153846153846 0.038461538461538464
5 0.4495192307692308 0.8341346153846154 0.03365384615384615 0.03125
4 0.5384615384615384 0.9026442307692307 0.052884615384615384 0.04567307692307692
1 0.9879807692307693 0.90625 0.019230769230769232 0.052884615384615384