5 0.40865384615384615 0.3016826923076923 0.03365384615384615 0.04326923076923077
5 0.3605769230769231 0.3762019230769231 0.028846153846153848 0.03365384615384615
4 0.33533653846153844 0.3762019230769231 0.04807692307692308 0.057692307692307696
0 0.9254807692307693 0.49399038461538464 0.04326923076923077 0.04567307692307692
2 0.9242788461538461 0.08774038461538461 0.038461538461538464 0.04567307692307692
4 0.7956730769230769 0.296875 0.04326923076923077 0.06971153846153846
5 0.6490384615384616 0.18389423076923078 0.09615384615384616 0.036057692307692304
4 0.35336538461538464 0.8786057692307693 0.04807692307692308 0.055288461538461536
2 0.09014423076923077 0.6177884615384616 0.07451923076923077 0.07692307692307693
5 0.5552884615384616 0.8269230769230769 0.026442307692307692 0.028846153846153848
4 0.6045673076923077 0.9182692307692307 0.05048076923076923 0.05048076923076923