5 0.3076923076923077 0.0829326923076923 0.03365384615384615 0.04326923076923077
5 0.25961538461538464 0.15745192307692307 0.028846153846153848 0.03365384615384615
4 0.234375 0.15745192307692307 0.04807692307692308 0.057692307692307696
0 0.7632211538461539 0.17908653846153846 0.028846153846153848 0.04567307692307692
5 0.6875 0.06009615384615385 0.038461538461538464 0.03365384615384615
5 0.6802884615384616 0.09014423076923077 0.038461538461538464 0.03125
5 0.4795673076923077 0.8209134615384616 0.04567307692307692 0.07211538461538461
4 0.4519230769230769 0.8461538461538461 0.05048076923076923 0.05048076923076923
3 0.019230769230769232 0.8762019230769231 0.038461538461538464 0.040865384615384616
2 0.7680288461538461 0.4483173076923077 0.0985576923076923 0.07932692307692307
4 0.6466346153846154 0.8052884615384616 0.052884615384615384 0.052884615384615384
0 0.9519230769230769 0.9567307692307693 0.09134615384615384 0.08173076923076923