4 0.2668269230769231 0.2127403846153846 0.05048076923076923 0.052884615384615384
5 0.10216346153846154 0.21875 0.04326923076923077 0.052884615384615384
5 0.23798076923076922 0.1141826923076923 0.04807692307692308 0.03365384615384615
5 0.6129807692307693 0.0733173076923077 0.03125 0.026442307692307692
4 0.6129807692307693 0.12860576923076922 0.04567307692307692 0.052884615384615384
5 0.4579326923076923 0.296875 0.06971153846153846 0.04326923076923077
4 0.1814903846153846 0.5913461538461539 0.10336538461538461 0.125
5 0.021634615384615384 0.7944711538461539 0.04326923076923077 0.0889423076923077
4 0.8185096153846154 0.5528846153846154 0.09375 0.04807692307692308
5 0.7752403846153846 0.6682692307692307 0.0625 0.06009615384615385
1 0.47836538461538464 0.8942307692307693 0.08173076923076923 0.08173076923076923