4 0.22235576923076922 0.1346153846153846 0.052884615384615384 0.05048076923076923
5 0.2283653846153846 0.29927884615384615 0.052884615384615384 0.04326923076923077
5 0.12379807692307693 0.16346153846153846 0.03365384615384615 0.04807692307692308
0 0.7632211538461539 0.019230769230769232 0.06971153846153846 0.038461538461538464
5 0.8822115384615384 0.37740384615384615 0.040865384615384616 0.028846153846153848
4 0.7632211538461539 0.421875 0.052884615384615384 0.04807692307692308
5 0.6021634615384616 0.4699519230769231 0.03125 0.03365384615384615
0 0.24639423076923078 0.7836538461538461 0.06490384615384616 0.040865384615384616
5 0.07211538461538461 0.8377403846153846 0.038461538461538464 0.08413461538461539
5 0.2800480769230769 0.8533653846153846 0.040865384615384616 0.08173076923076923
4 0.028846153846153848 0.9459134615384616 0.057692307692307696 0.04567307692307692
5 0.4831730769230769 0.8425480769230769 0.10576923076923077 0.055288461538461536
1 0.9867788461538461 0.9170673076923077 0.021634615384615384 0.06490384615384616
4 0.4579326923076923 0.96875 0.055288461538461536 0.04807692307692308
0 0.4675480769230769 0.5901442307692307 0.06009615384615385 0.05048076923076923