1 0.234375 0.5180288461538461 0.05048076923076923 0.016826923076923076
4 0.2403846153846154 0.078125 0.05048076923076923 0.052884615384615384
5 0.07211538461538461 0.08052884615384616 0.040865384615384616 0.052884615384615384
5 0.7752403846153846 0.5036057692307693 0.07451923076923077 0.04567307692307692
3 0.7127403846153846 0.08533653846153846 0.11778846153846154 0.07932692307692307
5 0.390625 0.9314903846153846 0.06971153846153846 0.040865384615384616
4 0.29447115384615385 0.7608173076923077 0.04567307692307692 0.04567307692307692
5 0.25240384615384615 0.703125 0.04807692307692308 0.07932692307692307
4 0.8161057692307693 0.6322115384615384 0.04567307692307692 0.052884615384615384
5 0.8040865384615384 0.703125 0.05048076923076923 0.04567307692307692
5 0.7271634615384616 0.6490384615384616 0.036057692307692304 0.038461538461538464