0 0.47475961538461536 0.46875 0.04326923076923077 0.06490384615384616
2 0.08653846153846154 0.020432692307692308 0.04807692307692308 0.040865384615384616
4 0.07932692307692307 0.4675480769230769 0.05048076923076923 0.052884615384615384
5 0.05048076923076923 0.36658653846153844 0.04807692307692308 0.036057692307692304
1 0.9591346153846154 0.3293269230769231 0.03365384615384615 0.04807692307692308
5 0.8545673076923077 0.2776442307692308 0.08413461538461539 0.036057692307692304
4 0.7980769230769231 0.17307692307692307 0.04326923076923077 0.057692307692307696
3 0.6634615384615384 0.5288461538461539 0.0625 0.03365384615384615
4 0.4723557692307692 0.8233173076923077 0.04567307692307692 0.04567307692307692
5 0.23557692307692307 0.7211538461538461 0.038461538461538464 0.052884615384615384
3 0.21875 0.59375 0.0625 0.0625
5 0.8161057692307693 0.765625 0.055288461538461536 0.06490384615384616
4 0.671875 0.8449519230769231 0.08413461538461539 0.07932692307692307
2 0.9086538461538461 0.6201923076923077 0.07692307692307693 0.0673076923076923