5 0.2860576923076923 0.11057692307692307 0.040865384615384616 0.04807692307692308
4 0.3786057692307692 0.13942307692307693 0.04807692307692308 0.055288461538461536
5 0.5588942307692307 0.1466346153846154 0.03125 0.06490384615384616
1 0.7644230769230769 0.051682692307692304 0.028846153846153848 0.05048076923076923
5 0.7728365384615384 0.14423076923076922 0.06009615384615385 0.038461538461538464
5 0.8016826923076923 0.23557692307692307 0.06971153846153846 0.03365384615384615
0 0.8088942307692307 0.4699519230769231 0.040865384615384616 0.06490384615384616
4 0.9098557692307693 0.21153846153846154 0.052884615384615384 0.05048076923076923
5 0.025240384615384616 0.6706730769230769 0.05048076923076923 0.038461538461538464
4 0.171875 0.5949519230769231 0.0985576923076923 0.07211538461538461
5 0.24158653846153846 0.9290865384615384 0.06971153846153846 0.021634615384615384
2 0.3545673076923077 0.9783653846153846 0.06490384615384616 0.038461538461538464
5 0.7427884615384616 0.71875 0.055288461538461536 0.028846153846153848
4 0.7572115384615384 0.8293269230769231 0.04567307692307692 0.05048076923076923
5 0.8209134615384616 0.9867788461538461 0.07451923076923077 0.021634615384615384