1 0.29086538461538464 0.007211538461538462 0.04807692307692308 0.014423076923076924
5 0.19471153846153846 0.41586538461538464 0.040865384615384616 0.04807692307692308
4 0.28725961538461536 0.44471153846153844 0.04807692307692308 0.055288461538461536
5 0.4675480769230769 0.4519230769230769 0.03125 0.06490384615384616
5 0.8185096153846154 0.25240384615384615 0.06971153846153846 0.03365384615384615
1 0.8317307692307693 0.17548076923076922 0.03365384615384615 0.04807692307692308
5 0.8629807692307693 0.2860576923076923 0.0673076923076923 0.038461538461538464
0 0.8882211538461539 0.5853365384615384 0.040865384615384616 0.06490384615384616
4 0.9747596153846154 0.32211538461538464 0.04567307692307692 0.057692307692307696
0 0.22716346153846154 0.8641826923076923 0.04567307692307692 0.06009615384615385
1 0.7608173076923077 0.9891826923076923 0.040865384615384616 0.016826923076923076