1 0.6574519230769231 0.014423076923076924 0.04567307692307692 0.028846153846153848
3 0.38221153846153844 0.19471153846153846 0.0625 0.04326923076923077
4 0.2920673076923077 0.6081730769230769 0.05048076923076923 0.055288461538461536
3 0.13942307692307693 0.9663461538461539 0.0625 0.0625
5 0.04567307692307692 0.5240384615384616 0.08653846153846154 0.04326923076923077
2 0.026442307692307692 0.36899038461538464 0.052884615384615384 0.07932692307692307
3 0.9002403846153846 0.265625 0.08413461538461539 0.0889423076923077
4 0.7572115384615384 0.6911057692307693 0.10576923076923077 0.0889423076923077
5 0.7271634615384616 0.8425480769230769 0.026442307692307692 0.10336538461538461
5 0.6394230769230769 0.5925480769230769 0.04807692307692308 0.040865384615384616
1 0.3449519230769231 0.5492788461538461 0.03125 0.11298076923076923