5 0.47596153846153844 0.2548076923076923 0.03365384615384615 0.05048076923076923
4 0.3870192307692308 0.2283653846153846 0.04807692307692308 0.052884615384615384
5 0.20072115384615385 0.22235576923076922 0.036057692307692304 0.06971153846153846
5 0.9735576923076923 0.25961538461538464 0.04807692307692308 0.038461538461538464
4 0.9423076923076923 0.3954326923076923 0.052884615384615384 0.055288461538461536
2 0.6983173076923077 0.125 0.07451923076923077 0.07692307692307693
4 0.31009615384615385 0.5228365384615384 0.10576923076923077 0.0889423076923077
5 0.2800480769230769 0.6742788461538461 0.026442307692307692 0.10336538461538461
0 0.17067307692307693 0.9399038461538461 0.11057692307692307 0.11538461538461539
5 0.8774038461538461 0.6790865384615384 0.09615384615384616 0.036057692307692304
0 0.8689903846153846 0.7824519230769231 0.040865384615384616 0.06490384615384616
5 0.7487980769230769 0.8052884615384616 0.09375 0.038461538461538464
4 0.7355769230769231 0.5709134615384616 0.04326923076923077 0.06971153846153846