5 0.1346153846153846 0.13942307692307693 0.03365384615384615 0.05048076923076923
4 0.22355769230769232 0.1658653846153846 0.04807692307692308 0.052884615384615384
3 0.6538461538461539 0.17307692307692307 0.04326923076923077 0.03365384615384615
5 0.4098557692307692 0.171875 0.036057692307692304 0.06971153846153846
5 0.9939903846153846 0.34975961538461536 0.007211538461538462 0.03125
4 0.9759615384615384 0.34975961538461536 0.04326923076923077 0.11298076923076923
5 0.2644230769230769 0.49759615384615385 0.038461538461538464 0.03365384615384615
2 0.30288461538461536 0.9495192307692307 0.0673076923076923 0.09134615384615384
4 0.41225961538461536 0.5817307692307693 0.04567307692307692 0.0625
0 0.1201923076923077 0.4423076923076923 0.07211538461538461 0.0673076923076923
1 0.9098557692307693 0.5252403846153846 0.06971153846153846 0.0889423076923077