1 0.41586538461538464 0.08653846153846154 0.03125 0.04326923076923077
4 0.02403846153846154 0.09254807692307693 0.04567307692307692 0.04807692307692308
3 0.036057692307692304 0.5336538461538461 0.03365384615384615 0.04326923076923077
5 0.8052884615384616 0.21875 0.055288461538461536 0.04807692307692308
4 0.5841346153846154 0.33052884615384615 0.07692307692307693 0.055288461538461536
0 0.16466346153846154 0.578125 0.06009615384615385 0.040865384615384616
5 0.29927884615384615 0.6225961538461539 0.036057692307692304 0.052884615384615384
4 0.4375 0.703125 0.052884615384615384 0.036057692307692304
2 0.21514423076923078 0.9735576923076923 0.08413461538461539 0.04807692307692308
5 0.5841346153846154 0.6009615384615384 0.038461538461538464 0.038461538461538464
0 0.8798076923076923 0.6177884615384616 0.08653846153846154 0.08653846153846154