5 0.16947115384615385 0.3317307692307692 0.07451923076923077 0.07211538461538461
4 0.3293269230769231 0.33533653846153844 0.04807692307692308 0.05048076923076923
0 0.34375 0.007211538461538462 0.09615384615384616 0.014423076923076924
5 0.23317307692307693 0.0673076923076923 0.05048076923076923 0.0625
4 0.6947115384615384 0.4230769230769231 0.052884615384615384 0.04567307692307692
5 0.7151442307692307 0.4387019230769231 0.026442307692307692 0.03125
0 0.7007211538461539 0.02283653846153846 0.06490384615384616 0.04567307692307692
5 0.2848557692307692 0.5072115384615384 0.05048076923076923 0.014423076923076924
4 0.15625 0.7668269230769231 0.11057692307692307 0.09134615384615384
2 0.45913461538461536 0.6490384615384616 0.057692307692307696 0.0673076923076923
4 0.875 0.6622596153846154 0.04807692307692308 0.05048076923076923
5 0.9543269230769231 0.6814903846153846 0.07451923076923077 0.07211538461538461