5 0.37259615384615385 0.06129807692307692 0.03365384615384615 0.055288461538461536
4 0.1502403846153846 0.19951923076923078 0.11298076923076923 0.07211538461538461
3 0.6838942307692307 0.21033653846153846 0.06490384615384616 0.05048076923076923
4 0.38221153846153844 0.59375 0.06971153846153846 0.06490384615384616
5 0.08774038461538461 0.7740384615384616 0.06490384615384616 0.04807692307692308
3 0.36778846153846156 0.9146634615384616 0.0673076923076923 0.055288461538461536
0 0.390625 0.28125 0.07932692307692307 0.057692307692307696
2 0.8918269230769231 0.32091346153846156 0.10576923076923077 0.09375
5 0.9134615384615384 0.5072115384615384 0.052884615384615384 0.052884615384615384
3 0.5504807692307693 0.703125 0.0625 0.08413461538461539
4 0.953125 0.6394230769230769 0.0889423076923077 0.11538461538461539
5 0.8834134615384616 0.4387019230769231 0.04567307692307692 0.04567307692307692