2 0.5528846153846154 0.019230769230769232 0.0673076923076923 0.038461538461538464
4 0.5396634615384616 0.4110576923076923 0.05048076923076923 0.038461538461538464
5 0.5372596153846154 0.3954326923076923 0.052884615384615384 0.055288461538461536
3 0.18509615384615385 0.38822115384615385 0.0625 0.07692307692307693
1 0.7512019230769231 0.4170673076923077 0.09375 0.07932692307692307
5 0.4230769230769231 0.5769230769230769 0.10096153846153846 0.0673076923076923
4 0.2764423076923077 0.7920673076923077 0.052884615384615384 0.055288461538461536
5 0.15625 0.515625 0.0673076923076923 0.06009615384615385
1 0.5673076923076923 0.7151442307692307 0.052884615384615384 0.06490384615384616
5 0.8786057692307693 0.8617788461538461 0.057692307692307696 0.052884615384615384
4 0.8774038461538461 0.7463942307692307 0.057692307692307696 0.06009615384615385