4 0.18389423076923078 0.25240384615384615 0.05048076923076923 0.038461538461538464
5 0.1814903846153846 0.23677884615384615 0.052884615384615384 0.055288461538461536
1 0.1778846153846154 0.6634615384615384 0.0625 0.0673076923076923
5 0.16947115384615385 0.3161057692307692 0.04567307692307692 0.04567307692307692
0 0.5252403846153846 0.27403846153846156 0.06490384615384616 0.10096153846153846
5 0.7295673076923077 0.43028846153846156 0.06009615384615385 0.0625
2 0.6478365384615384 0.028846153846153848 0.06971153846153846 0.057692307692307696
4 0.6370192307692307 0.41225961538461536 0.06490384615384616 0.0673076923076923
0 0.9711538461538461 0.42788461538461536 0.052884615384615384 0.08173076923076923
1 0.06610576923076923 0.9927884615384616 0.05048076923076923 0.009615384615384616
0 0.9110576923076923 0.7067307692307693 0.057692307692307696 0.014423076923076924