4 0.27283653846153844 0.26802884615384615 0.06971153846153846 0.05048076923076923
1 0.2608173076923077 0.6430288461538461 0.07451923076923077 0.026442307692307692
0 0.5997596153846154 0.28365384615384615 0.01201923076923077 0.08653846153846154
5 0.5252403846153846 0.1141826923076923 0.055288461538461536 0.05048076923076923
5 0.5048076923076923 0.5324519230769231 0.052884615384615384 0.055288461538461536
3 0.7055288461538461 0.07692307692307693 0.05048076923076923 0.08653846153846154
5 0.34375 0.9495192307692307 0.10096153846153846 0.0673076923076923
0 0.07932692307692307 0.7512019230769231 0.0625 0.06490384615384616
5 0.07692307692307693 0.8882211538461539 0.0673076923076923 0.06009615384615385
0 0.9867788461538461 0.9122596153846154 0.021634615384615384 0.06971153846153846
5 0.7716346153846154 0.8521634615384616 0.057692307692307696 0.040865384615384616
2 0.6394230769230769 0.9783653846153846 0.0625 0.038461538461538464