4 0.7668269230769231 0.13581730769230768 0.055288461538461536 0.05048076923076923
5 0.8353365384615384 0.14182692307692307 0.06971153846153846 0.036057692307692304
5 0.5024038461538461 0.1778846153846154 0.036057692307692304 0.026442307692307692
5 0.27524038461538464 0.6598557692307693 0.06009615384615385 0.04567307692307692
4 0.29086538461538464 0.6598557692307693 0.04807692307692308 0.05048076923076923
5 0.18629807692307693 0.8870192307692307 0.05048076923076923 0.04326923076923077
3 0.265625 0.9759615384615384 0.07451923076923077 0.04326923076923077
0 0.2848557692307692 0.359375 0.07932692307692307 0.021634615384615384
4 0.5192307692307693 0.5324519230769231 0.04807692307692308 0.05048076923076923
1 0.890625 0.5396634615384616 0.06971153846153846 0.06971153846153846
5 0.4831730769230769 0.5396634615384616 0.07211538461538461 0.0673076923076923
5 0.5697115384615384 0.6490384615384616 0.0625 0.06009615384615385
3 0.5036057692307693 0.8798076923076923 0.06971153846153846 0.052884615384615384