4 0.33052884615384615 0.2668269230769231 0.052884615384615384 0.055288461538461536
5 0.3329326923076923 0.5504807692307693 0.055288461538461536 0.052884615384615384
4 0.6526442307692307 0.5228365384615384 0.05048076923076923 0.04567307692307692
1 0.6658653846153846 0.11658653846153846 0.09134615384615384 0.06971153846153846
5 0.7067307692307693 0.3161057692307692 0.057692307692307696 0.06971153846153846
3 0.9855769230769231 0.5432692307692307 0.02403846153846154 0.0673076923076923
4 0.38822115384615385 0.6466346153846154 0.05048076923076923 0.04807692307692308
5 0.43509615384615385 0.8617788461538461 0.07211538461538461 0.07451923076923077
0 0.04326923076923077 0.6346153846153846 0.04326923076923077 0.09134615384615384
2 0.703125 0.9771634615384616 0.04567307692307692 0.040865384615384616
4 0.6971153846153846 0.5997596153846154 0.052884615384615384 0.040865384615384616
5 0.8125 0.6201923076923077 0.04326923076923077 0.08173076923076923