4 0.3317307692307692 0.421875 0.055288461538461536 0.052884615384615384
5 0.04447115384615385 0.4230769230769231 0.06009615384615385 0.052884615384615384
0 0.35216346153846156 0.06971153846153846 0.08173076923076923 0.04326923076923077
5 0.8810096153846154 0.09134615384615384 0.05048076923076923 0.04807692307692308
5 0.8629807692307693 0.18028846153846154 0.052884615384615384 0.04326923076923077
4 0.8689903846153846 0.25961538461538464 0.11778846153846154 0.08653846153846154
3 0.4879807692307692 0.32572115384615385 0.07692307692307693 0.08413461538461539
1 0.28365384615384615 0.890625 0.0673076923076923 0.07932692307692307
0 0.9230769230769231 0.5841346153846154 0.06490384615384616 0.04567307692307692
4 0.9170673076923077 0.9831730769230769 0.055288461538461536 0.028846153846153848
2 0.4639423076923077 0.9807692307692307 0.04807692307692308 0.03365384615384615