4 0.11298076923076923 0.36538461538461536 0.038461538461538464 0.04326923076923077
1 0.12980769230769232 0.007211538461538462 0.07692307692307693 0.014423076923076924
3 0.4699519230769231 0.38822115384615385 0.04567307692307692 0.07451923076923077
4 0.8245192307692307 0.051682692307692304 0.10576923076923077 0.10336538461538461
3 0.8762019230769231 0.4026442307692308 0.05048076923076923 0.04567307692307692
5 0.4110576923076923 0.765625 0.07211538461538461 0.07451923076923077
2 0.41225961538461536 0.9759615384615384 0.0985576923076923 0.04326923076923077
4 0.41466346153846156 0.6057692307692307 0.05048076923076923 0.04807692307692308
0 0.06370192307692307 0.5925480769230769 0.055288461538461536 0.09375
5 0.1466346153846154 0.7019230769230769 0.0625 0.05048076923076923
5 0.9350961538461539 0.6850961538461539 0.04807692307692308 0.038461538461538464
5 0.9915865384615384 0.7115384615384616 0.01201923076923077 0.028846153846153848
4 0.9663461538461539 0.8125 0.04807692307692308 0.052884615384615384