5 0.3076923076923077 0.1310096153846154 0.0625 0.06971153846153846
2 0.2283653846153846 0.028846153846153848 0.0673076923076923 0.057692307692307696
4 0.21995192307692307 0.43028846153846156 0.07451923076923077 0.052884615384615384
5 0.016826923076923076 0.3245192307692308 0.03365384615384615 0.052884615384615384
2 0.3762019230769231 0.1502403846153846 0.036057692307692304 0.08413461538461539
0 0.8112980769230769 0.18629807692307693 0.055288461538461536 0.06971153846153846
5 0.04567307692307692 0.7836538461538461 0.0673076923076923 0.07211538461538461
4 0.020432692307692308 0.828125 0.040865384615384616 0.05048076923076923
5 0.8389423076923077 0.5132211538461539 0.04326923076923077 0.06009615384615385
4 0.7295673076923077 0.7283653846153846 0.05048076923076923 0.04807692307692308
3 0.38100961538461536 0.7079326923076923 0.04567307692307692 0.0889423076923077