4 0.13581730769230768 0.2091346153846154 0.036057692307692304 0.052884615384615384
5 0.17548076923076922 0.051682692307692304 0.0625 0.06971153846153846
5 0.28966346153846156 0.5144230769230769 0.06490384615384616 0.052884615384615384
4 0.4579326923076923 0.3425480769230769 0.06971153846153846 0.05048076923076923
3 0.8125 0.35697115384615385 0.0625 0.07692307692307693
4 0.004807692307692308 0.6466346153846154 0.009615384615384616 0.052884615384615384
5 0.0733173076923077 0.6935096153846154 0.03365384615384615 0.036057692307692304
5 0.10096153846153846 0.5673076923076923 0.028846153846153848 0.038461538461538464
3 0.4050480769230769 0.6081730769230769 0.021634615384615384 0.038461538461538464
4 0.5841346153846154 0.9747596153846154 0.052884615384615384 0.04567307692307692
5 0.796875 0.9326923076923077 0.057692307692307696 0.028846153846153848