4 0.49399038461538464 0.078125 0.06490384615384616 0.06971153846153846
5 0.40384615384615385 0.11899038461538461 0.0625 0.06971153846153846
3 0.14543269230769232 0.046875 0.055288461538461536 0.09375
4 0.9435096153846154 0.08173076923076923 0.05048076923076923 0.057692307692307696
5 0.9266826923076923 0.07091346153846154 0.06009615384615385 0.08413461538461539
4 0.3545673076923077 0.6418269230769231 0.05048076923076923 0.04807692307692308
5 0.34375 0.6189903846153846 0.07211538461538461 0.07451923076923077
5 0.19831730769230768 0.7139423076923077 0.07451923076923077 0.07451923076923077
3 0.010817307692307692 0.6334134615384616 0.021634615384615384 0.10817307692307693
5 0.953125 0.6502403846153846 0.03365384615384615 0.036057692307692304
5 0.9254807692307693 0.796875 0.026442307692307692 0.07451923076923077