4 0.014423076923076924 0.4014423076923077 0.028846153846153848 0.057692307692307696
5 0.02283653846153846 0.1814903846153846 0.04567307692307692 0.0889423076923077
1 0.026442307692307692 0.04927884615384615 0.052884615384615384 0.06490384615384616
3 0.3557692307692308 0.42788461538461536 0.04326923076923077 0.038461538461538464
5 0.7091346153846154 0.4074519230769231 0.07211538461538461 0.07451923076923077
4 0.7127403846153846 0.24759615384615385 0.05048076923076923 0.04807692307692308
1 0.24278846153846154 0.9675480769230769 0.09615384615384616 0.06009615384615385
4 0.28966346153846156 0.546875 0.06490384615384616 0.05048076923076923
5 0.4362980769230769 0.5576923076923077 0.04567307692307692 0.057692307692307696
5 0.1045673076923077 0.5168269230769231 0.06490384615384616 0.08653846153846154
0 0.5024038461538461 0.8918269230769231 0.04807692307692308 0.07211538461538461
1 0.9242788461538461 0.46274038461538464 0.04567307692307692 0.026442307692307692
4 0.9314903846153846 0.8918269230769231 0.04807692307692308 0.052884615384615384