4 0.02283653846153846 0.27884615384615385 0.04567307692307692 0.04326923076923077
1 0.39302884615384615 0.27884615384615385 0.06971153846153846 0.08173076923076923
5 0.07451923076923077 0.04927884615384615 0.08653846153846154 0.07451923076923077
2 0.5264423076923077 0.3858173076923077 0.0625 0.021634615384615384
0 0.9134615384615384 0.08173076923076923 0.0673076923076923 0.052884615384615384
4 0.03485576923076923 0.78125 0.06009615384615385 0.0673076923076923
5 0.0673076923076923 0.7872596153846154 0.0673076923076923 0.06009615384615385
1 0.4651442307692308 0.7908653846153846 0.040865384615384616 0.08173076923076923
5 0.3401442307692308 0.8665865384615384 0.07932692307692307 0.06009615384615385
0 0.057692307692307696 0.43149038461538464 0.08173076923076923 0.06490384615384616
4 0.6682692307692307 0.640625 0.07211538461538461 0.06490384615384616
3 0.6490384615384616 0.9819711538461539 0.09615384615384616 0.03125