5 0.08533653846153846 0.06490384615384616 0.06490384615384616 0.057692307692307696
4 0.21754807692307693 0.12620192307692307 0.055288461538461536 0.040865384615384616
4 0.6598557692307693 0.2860576923076923 0.055288461538461536 0.0625
5 0.0673076923076923 0.75 0.052884615384615384 0.04807692307692308
4 0.09735576923076923 0.8221153846153846 0.06490384615384616 0.0625
1 0.484375 0.828125 0.06009615384615385 0.06971153846153846
5 0.22355769230769232 0.9134615384615384 0.04807692307692308 0.04807692307692308
0 0.11298076923076923 0.46634615384615385 0.10096153846153846 0.057692307692307696
4 0.8004807692307693 0.6502403846153846 0.125 0.10336538461538461
5 0.7944711538461539 0.4519230769230769 0.05048076923076923 0.04326923076923077
5 0.78125 0.5540865384615384 0.03365384615384615 0.040865384615384616
1 0.8894230769230769 0.9879807692307693 0.08173076923076923 0.019230769230769232