4 0.28846153846153844 0.47115384615384615 0.04326923076923077 0.028846153846153848
1 0.296875 0.04326923076923077 0.07451923076923077 0.07211538461538461
5 0.5528846153846154 0.2512019230769231 0.057692307692307696 0.06490384615384616
2 0.6081730769230769 0.4723557692307692 0.08173076923076923 0.026442307692307692
4 0.6141826923076923 0.11899038461538461 0.040865384615384616 0.055288461538461536
3 0.9591346153846154 0.1466346153846154 0.052884615384615384 0.057692307692307696
5 0.23197115384615385 0.5588942307692307 0.036057692307692304 0.055288461538461536
4 0.1814903846153846 0.4987980769230769 0.05048076923076923 0.021634615384615384
2 0.1658653846153846 0.9747596153846154 0.052884615384615384 0.04567307692307692
5 0.5504807692307693 0.5973557692307693 0.0673076923076923 0.07211538461538461
2 0.5564903846153846 0.9807692307692307 0.07451923076923077 0.03365384615384615
4 0.5637019230769231 0.5793269230769231 0.05048076923076923 0.04807692307692308
5 0.5841346153846154 0.8942307692307693 0.0673076923076923 0.07211538461538461
3 0.9182692307692307 0.5877403846153846 0.0625 0.08413461538461539