5 0.20432692307692307 0.09375 0.0673076923076923 0.0673076923076923
3 0.06850961538461539 0.21634615384615385 0.055288461538461536 0.07932692307692307
4 0.7487980769230769 0.35096153846153844 0.08413461538461539 0.052884615384615384
5 0.75 0.3557692307692308 0.057692307692307696 0.04326923076923077
4 0.2608173076923077 0.5961538461538461 0.0673076923076923 0.0625
5 0.1778846153846154 0.8918269230769231 0.057692307692307696 0.09615384615384616
5 0.039663461538461536 0.4879807692307692 0.07932692307692307 0.09615384615384616
5 0.8485576923076923 0.6033653846153846 0.052884615384615384 0.052884615384615384
1 0.39302884615384615 0.7331730769230769 0.08413461538461539 0.08173076923076923
4 0.7175480769230769 0.6550480769230769 0.11298076923076923 0.11298076923076923
5 0.9170673076923077 0.5733173076923077 0.04567307692307692 0.04567307692307692