2 0.07091346153846154 0.44350961538461536 0.08413461538461539 0.06490384615384616
4 0.078125 0.07091346153846154 0.055288461538461536 0.055288461538461536
3 0.4362980769230769 0.07932692307692307 0.05048076923076923 0.1201923076923077
2 0.5877403846153846 0.27524038461538464 0.09375 0.11298076923076923
4 0.8930288461538461 0.19831730769230768 0.0889423076923077 0.0985576923076923
5 0.8786057692307693 0.2403846153846154 0.036057692307692304 0.04326923076923077
1 0.3581730769230769 0.49158653846153844 0.07692307692307693 0.026442307692307692
4 0.359375 0.8605769230769231 0.05048076923076923 0.04807692307692308
0 0.027644230769230768 0.8521634615384616 0.055288461538461536 0.0889423076923077
0 0.5949519230769231 0.9194711538461539 0.04326923076923077 0.0625
5 0.6742788461538461 0.96875 0.06971153846153846 0.057692307692307696
4 0.9867788461538461 0.9314903846153846 0.021634615384615384 0.055288461538461536