4 0.25 0.07572115384615384 0.0625 0.0673076923076923
5 0.5456730769230769 0.15865384615384615 0.09615384615384616 0.057692307692307696
5 0.14182692307692307 0.29927884615384615 0.09375 0.07932692307692307
3 0.22115384615384615 0.39302884615384615 0.10576923076923077 0.06009615384615385
4 0.7908653846153846 0.14302884615384615 0.052884615384615384 0.04807692307692308
5 0.8064903846153846 0.24879807692307693 0.038461538461538464 0.028846153846153848
0 0.29447115384615385 0.4831730769230769 0.06971153846153846 0.028846153846153848
4 0.2764423076923077 0.8725961538461539 0.057692307692307696 0.05048076923076923
5 0.171875 0.5180288461538461 0.07692307692307693 0.06009615384615385
5 0.2512019230769231 0.9819711538461539 0.0889423076923077 0.03125
5 0.6802884615384616 0.8028846153846154 0.038461538461538464 0.04807692307692308
5 0.6550480769230769 0.8665865384615384 0.026442307692307692 0.026442307692307692
1 0.9867788461538461 0.84375 0.021634615384615384 0.04807692307692308