4 0.3389423076923077 0.3762019230769231 0.06490384615384616 0.06971153846153846
5 0.39783653846153844 0.40384615384615385 0.07211538461538461 0.052884615384615384
0 0.35336538461538464 0.03245192307692308 0.11538461538461539 0.06009615384615385
4 0.6754807692307693 0.19471153846153846 0.07692307692307693 0.0673076923076923
5 0.7139423076923077 0.19831730769230768 0.07692307692307693 0.06971153846153846
5 0.12379807692307693 0.5120192307692307 0.06490384615384616 0.057692307692307696
4 0.25600961538461536 0.5733173076923077 0.055288461538461536 0.040865384615384616
3 0.2283653846153846 0.9182692307692307 0.057692307692307696 0.052884615384615384
4 0.7319711538461539 0.5913461538461539 0.06009615384615385 0.0673076923076923
5 0.7644230769230769 0.5973557692307693 0.0673076923076923 0.06009615384615385
3 0.71875 0.9375 0.08653846153846154 0.0625