4 0.13701923076923078 0.013221153846153846 0.0673076923076923 0.026442307692307692
1 0.13221153846153846 0.3605769230769231 0.08653846153846154 0.0673076923076923
4 0.5865384615384616 0.41225961538461536 0.052884615384615384 0.06490384615384616
2 0.5829326923076923 0.037259615384615384 0.08413461538461539 0.07451923076923077
5 0.5769230769230769 0.12980769230769232 0.057692307692307696 0.0673076923076923
0 0.9290865384615384 0.4182692307692308 0.055288461538461536 0.07692307692307693
4 0.25841346153846156 0.7331730769230769 0.05048076923076923 0.04807692307692308
5 0.23677884615384615 0.9651442307692307 0.06971153846153846 0.06490384615384616
0 0.9362980769230769 0.7836538461538461 0.052884615384615384 0.0673076923076923
4 0.5144230769230769 0.7836538461538461 0.04807692307692308 0.05048076923076923
5 0.4807692307692308 0.8052884615384616 0.028846153846153848 0.028846153846153848