5 0.44591346153846156 0.052884615384615384 0.055288461538461536 0.07451923076923077
4 0.24759615384615385 0.2091346153846154 0.06971153846153846 0.0673076923076923
5 0.17427884615384615 0.013221153846153846 0.07932692307692307 0.026442307692307692
5 0.8425480769230769 0.010817307692307692 0.04567307692307692 0.021634615384615384
4 0.8064903846153846 0.2439903846153846 0.052884615384615384 0.05048076923076923
5 0.8269230769230769 0.4387019230769231 0.04807692307692308 0.016826923076923076
4 0.13221153846153846 0.5793269230769231 0.04807692307692308 0.052884615384615384
1 0.49038461538461536 0.59375 0.014423076923076924 0.08173076923076923
5 0.014423076923076924 0.734375 0.028846153846153848 0.06971153846153846
3 0.11177884615384616 0.9338942307692307 0.07932692307692307 0.055288461538461536
4 0.8293269230769231 0.8401442307692307 0.07211538461538461 0.0625
0 0.8461538461538461 0.4987980769230769 0.08173076923076923 0.06009615384615385
5 0.6730769230769231 0.6009615384615384 0.0625 0.06009615384615385