2 0.37259615384615385 0.020432692307692308 0.057692307692307696 0.040865384615384616
4 0.3701923076923077 0.4254807692307692 0.0673076923076923 0.07692307692307693
5 0.36778846153846156 0.45552884615384615 0.07211538461538461 0.06009615384615385
5 0.27403846153846156 0.06370192307692307 0.07451923076923077 0.057692307692307696
3 0.018028846153846152 0.39903846153846156 0.036057692307692304 0.07692307692307693
3 0.7151442307692307 0.009615384615384616 0.04567307692307692 0.019230769230769232
4 0.3088942307692308 0.7596153846153846 0.08413461538461539 0.11057692307692307
5 0.3449519230769231 0.7788461538461539 0.021634615384615384 0.04326923076923077
5 0.9459134615384616 0.5492788461538461 0.04567307692307692 0.06009615384615385
4 0.9459134615384616 0.5649038461538461 0.05048076923076923 0.04807692307692308
1 0.9423076923076923 0.984375 0.057692307692307696 0.026442307692307692
3 0.6189903846153846 0.5384615384615384 0.06490384615384616 0.07211538461538461