4 0.35697115384615385 0.038461538461538464 0.0625 0.06490384615384616
3 0.019230769230769232 0.030048076923076924 0.038461538461538464 0.06009615384615385
4 0.8605769230769231 0.29086538461538464 0.052884615384615384 0.028846153846153848
3 0.5108173076923077 0.27403846153846156 0.055288461538461536 0.0625
4 0.4170673076923077 0.6177884615384616 0.04807692307692308 0.052884615384615384
5 0.3112980769230769 0.6334134615384616 0.028846153846153848 0.038461538461538464
3 0.004807692307692308 0.6177884615384616 0.009615384615384616 0.03365384615384615
5 0.8701923076923077 0.7944711538461539 0.07451923076923077 0.055288461538461536
4 0.7139423076923077 0.5961538461538461 0.0673076923076923 0.06971153846153846
1 0.7091346153846154 0.9783653846153846 0.07211538461538461 0.038461538461538464
5 0.9338942307692307 0.5216346153846154 0.06971153846153846 0.07692307692307693