4 0.34375 0.04326923076923077 0.057692307692307696 0.0673076923076923
5 0.0673076923076923 0.0625 0.07932692307692307 0.06971153846153846
3 0.33052884615384615 0.3954326923076923 0.08413461538461539 0.055288461538461536
0 0.7391826923076923 0.019230769230769232 0.06009615384615385 0.038461538461538464
4 0.7259615384615384 0.3786057692307692 0.05048076923076923 0.04807692307692308
5 0.640625 0.41346153846153844 0.06009615384615385 0.02403846153846154
4 0.3293269230769231 0.53125 0.14903846153846154 0.1201923076923077
5 0.13701923076923078 0.5973557692307693 0.0625 0.055288461538461536
5 0.33052884615384615 0.8629807692307693 0.06490384615384616 0.04326923076923077
0 0.06009615384615385 0.9483173076923077 0.1201923076923077 0.0985576923076923
5 0.7175480769230769 0.5564903846153846 0.06971153846153846 0.057692307692307696
4 0.8353365384615384 0.6117788461538461 0.055288461538461536 0.05048076923076923
3 0.8125 0.9603365384615384 0.09134615384615384 0.055288461538461536