4 0.32572115384615385 0.2247596153846154 0.040865384615384616 0.05048076923076923
0 0.027644230769230768 0.2127403846153846 0.055288461538461536 0.07932692307692307
5 0.4254807692307692 0.47596153846153844 0.052884615384615384 0.052884615384615384
1 0.8810096153846154 0.34615384615384615 0.08413461538461539 0.08173076923076923
0 0.4951923076923077 0.025240384615384616 0.07692307692307693 0.05048076923076923
4 0.5564903846153846 0.42427884615384615 0.11298076923076923 0.11298076923076923
5 0.36538461538461536 0.5072115384615384 0.03365384615384615 0.04807692307692308
1 0.3161057692307692 0.6069711538461539 0.06009615384615385 0.055288461538461536
4 0.32211538461538464 0.9855769230769231 0.052884615384615384 0.02403846153846154
5 0.328125 0.7632211538461539 0.036057692307692304 0.07451923076923077
1 0.4855769230769231 0.7271634615384616 0.0673076923076923 0.055288461538461536
5 0.5096153846153846 0.8846153846153846 0.0673076923076923 0.07211538461538461