4 0.03125 0.27163461538461536 0.0625 0.0625
5 0.03245192307692308 0.23798076923076922 0.06009615384615385 0.0673076923076923
3 0.37259615384615385 0.28365384615384615 0.0625 0.08653846153846154
4 0.5913461538461539 0.17427884615384615 0.09134615384615384 0.11778846153846154
1 0.9086538461538461 0.042067307692307696 0.057692307692307696 0.08413461538461539
1 0.08653846153846154 0.6298076923076923 0.04807692307692308 0.0673076923076923
5 0.0985576923076923 0.8112980769230769 0.057692307692307696 0.03125
4 0.24759615384615385 0.8125 0.038461538461538464 0.038461538461538464
3 0.39783653846153844 0.546875 0.040865384615384616 0.04567307692307692
4 0.5036057692307693 0.9002403846153846 0.0889423076923077 0.08173076923076923
5 0.5685096153846154 0.7764423076923077 0.11298076923076923 0.07932692307692307
1 0.9651442307692307 0.6742788461538461 0.06490384615384616 0.14182692307692307