2 0.25961538461538464 0.46153846153846156 0.07692307692307693 0.07211538461538461
4 0.27163461538461536 0.027644230769230768 0.052884615384615384 0.055288461538461536
5 0.4266826923076923 0.28125 0.05048076923076923 0.0625
5 0.5072115384615384 0.10817307692307693 0.019230769230769232 0.04807692307692308
0 0.7019230769230769 0.02283653846153846 0.10576923076923077 0.04567307692307692
4 0.7403846153846154 0.4495192307692308 0.10096153846153846 0.09615384615384616
0 0.09254807692307693 0.984375 0.05048076923076923 0.026442307692307692
1 0.4795673076923077 0.5384615384615384 0.05048076923076923 0.040865384615384616
5 0.5 0.9831730769230769 0.03365384615384615 0.028846153846153848
4 0.625 0.8581730769230769 0.028846153846153848 0.03365384615384615
3 0.7980769230769231 0.6274038461538461 0.04807692307692308 0.04326923076923077