5 0.020432692307692308 0.1346153846153846 0.040865384615384616 0.052884615384615384
5 0.1814903846153846 0.2247596153846154 0.04567307692307692 0.040865384615384616
3 0.25240384615384615 0.3173076923076923 0.0889423076923077 0.06009615384615385
4 0.5949519230769231 0.3798076923076923 0.07211538461538461 0.06009615384615385
0 0.640625 0.036057692307692304 0.0889423076923077 0.07211538461538461
5 0.7451923076923077 0.1622596153846154 0.052884615384615384 0.06490384615384616
4 0.018028846153846152 0.6610576923076923 0.036057692307692304 0.07211538461538461
1 0.40865384615384615 0.6730769230769231 0.07451923076923077 0.07211538461538461
5 0.7536057692307693 0.5576923076923077 0.03365384615384615 0.052884615384615384
4 0.7367788461538461 0.5336538461538461 0.052884615384615384 0.04807692307692308
3 0.7331730769230769 0.9663461538461539 0.03365384615384615 0.04807692307692308