4 0.39302884615384615 0.2536057692307692 0.026442307692307692 0.06009615384615385
5 0.3954326923076923 0.21033653846153846 0.021634615384615384 0.06971153846153846
0 0.06129807692307692 0.23317307692307693 0.06971153846153846 0.07692307692307693
5 0.20192307692307693 0.1935096153846154 0.0625 0.07932692307692307
0 0.42908653846153844 0.43509615384615385 0.040865384615384616 0.0673076923076923
5 0.5721153846153846 0.3581730769230769 0.055288461538461536 0.06009615384615385
1 0.8161057692307693 0.013221153846153846 0.04567307692307692 0.026442307692307692
4 0.8245192307692307 0.40625 0.04807692307692308 0.055288461538461536
4 0.04447115384615385 0.7307692307692307 0.040865384615384616 0.04807692307692308
5 0.27403846153846156 0.8185096153846154 0.057692307692307696 0.06490384615384616
3 0.36177884615384615 0.7560096153846154 0.04567307692307692 0.0889423076923077
4 0.7271634615384616 0.8149038461538461 0.05048076923076923 0.04807692307692308
5 0.5012019230769231 0.7536057692307693 0.06971153846153846 0.07451923076923077