5 0.039663461538461536 0.3473557692307692 0.06009615384615385 0.06971153846153846
4 0.055288461538461536 0.45552884615384615 0.07211538461538461 0.08413461538461539
1 0.07451923076923077 0.0625 0.09134615384615384 0.057692307692307696
5 0.8293269230769231 0.5276442307692307 0.055288461538461536 0.038461538461538464
4 0.8173076923076923 0.43990384615384615 0.04567307692307692 0.05048076923076923
0 0.4074519230769231 0.44471153846153844 0.04807692307692308 0.0673076923076923
1 0.8161057692307693 0.007211538461538462 0.04567307692307692 0.014423076923076924
5 0.03125 0.8173076923076923 0.0625 0.07211538461538461
3 0.2980769230769231 0.9507211538461539 0.038461538461538464 0.09375
5 0.47596153846153844 0.6826923076923077 0.04326923076923077 0.052884615384615384
5 0.6237980769230769 0.6550480769230769 0.06009615384615385 0.040865384615384616
1 0.9254807692307693 0.7956730769230769 0.09134615384615384 0.07211538461538461
3 0.39302884615384615 0.8485576923076923 0.06009615384615385 0.052884615384615384