5 0.4050480769230769 0.051682692307692304 0.06971153846153846 0.06009615384615385
4 0.296875 0.0673076923076923 0.08413461538461539 0.07211538461538461
3 0.27403846153846156 0.4170673076923077 0.1201923076923077 0.06009615384615385
5 0.8834134615384616 0.33052884615384615 0.06009615384615385 0.04567307692307692
4 0.8990384615384616 0.33052884615384615 0.04807692307692308 0.05048076923076923
0 0.8930288461538461 0.020432692307692308 0.07932692307692307 0.040865384615384616
4 0.19110576923076922 0.5649038461538461 0.09375 0.07211538461538461
5 0.31009615384615385 0.6153846153846154 0.04326923076923077 0.04326923076923077
0 0.46033653846153844 0.890625 0.09375 0.09375
5 0.7908653846153846 0.7391826923076923 0.0625 0.040865384615384616
1 0.7115384615384616 0.8257211538461539 0.10096153846153846 0.055288461538461536