4 0.2776442307692308 0.19471153846153846 0.07692307692307693 0.07451923076923077
1 0.2620192307692308 0.6274038461538461 0.0625 0.09615384615384616
5 0.13822115384615385 0.1466346153846154 0.0625 0.08173076923076923
5 0.47475961538461536 0.39663461538461536 0.021634615384615384 0.07211538461538461
4 0.8533653846153846 0.13822115384615385 0.07211538461538461 0.036057692307692304
1 0.8521634615384616 0.3004807692307692 0.05048076923076923 0.028846153846153848
5 0.8377403846153846 0.019230769230769232 0.05048076923076923 0.02403846153846154
5 0.6117788461538461 0.16706730769230768 0.03125 0.021634615384615384
3 0.5240384615384616 0.13581730769230768 0.052884615384615384 0.036057692307692304
0 0.4375 0.8653846153846154 0.055288461538461536 0.06490384615384616
5 0.38221153846153844 0.7824519230769231 0.04326923076923077 0.036057692307692304
4 0.026442307692307692 0.8858173076923077 0.04567307692307692 0.055288461538461536