4 0.11899038461538461 0.0625 0.07692307692307693 0.07451923076923077
0 0.46033653846153844 0.08774038461538461 0.055288461538461536 0.08413461538461539
5 0.33774038461538464 0.2620192307692308 0.06490384615384616 0.0673076923076923
5 0.6262019230769231 0.008413461538461538 0.06971153846153846 0.016826923076923076
4 0.5925480769230769 0.02403846153846154 0.055288461538461536 0.04807692307692308
0 0.9579326923076923 0.03485576923076923 0.055288461538461536 0.06971153846153846
2 0.38341346153846156 0.3173076923076923 0.07451923076923077 0.038461538461538464
5 0.36658653846153844 0.8185096153846154 0.057692307692307696 0.052884615384615384
4 0.36538461538461536 0.703125 0.057692307692307696 0.06009615384615385
3 0.027644230769230768 0.6911057692307693 0.055288461538461536 0.0889423076923077
4 0.9711538461538461 0.6959134615384616 0.052884615384615384 0.11298076923076923
1 0.6334134615384616 0.7776442307692307 0.0889423076923077 0.13701923076923078
3 0.9182692307692307 0.3293269230769231 0.09134615384615384 0.0625