5 0.009615384615384616 0.10697115384615384 0.019230769230769232 0.055288461538461536
1 0.3737980769230769 0.09014423076923077 0.06490384615384616 0.08413461538461539
0 0.5492788461538461 0.10697115384615384 0.06009615384615385 0.055288461538461536
5 0.05048076923076923 0.7355769230769231 0.0625 0.04807692307692308
4 0.21514423076923078 0.6862980769230769 0.10336538461538461 0.11298076923076923
5 0.29447115384615385 0.859375 0.07451923076923077 0.04567307692307692
2 0.4266826923076923 0.29927884615384615 0.06009615384615385 0.06009615384615385
4 0.8449519230769231 0.5192307692307693 0.06490384615384616 0.0625
5 0.8894230769230769 0.8521634615384616 0.0673076923076923 0.040865384615384616
2 0.9855769230769231 0.9471153846153846 0.02403846153846154 0.0625
0 0.4855769230769231 0.703125 0.052884615384615384 0.11298076923076923