4 0.20432692307692307 0.2824519230769231 0.11057692307692307 0.11778846153846154
4 0.9435096153846154 0.2644230769230769 0.08413461538461539 0.07211538461538461
5 0.6923076923076923 0.17668269230769232 0.052884615384615384 0.0889423076923077
3 0.49759615384615385 0.0733173076923077 0.07692307692307693 0.055288461538461536
4 0.36899038461538464 0.7379807692307693 0.036057692307692304 0.057692307692307696
5 0.14423076923076922 0.7944711538461539 0.057692307692307696 0.07451923076923077
3 0.040865384615384616 0.7223557692307693 0.057692307692307696 0.08413461538461539
5 0.7860576923076923 0.5168269230769231 0.0673076923076923 0.07211538461538461
1 0.7560096153846154 0.9338942307692307 0.08413461538461539 0.06971153846153846
4 0.7524038461538461 0.5600961538461539 0.052884615384615384 0.04807692307692308
3 0.40384615384615385 0.5384615384615384 0.028846153846153848 0.09615384615384616