5 0.025240384615384616 0.09014423076923077 0.05048076923076923 0.07932692307692307
4 0.11899038461538461 0.2512019230769231 0.0889423076923077 0.08173076923076923
5 0.18389423076923078 0.12740384615384615 0.11298076923076923 0.07932692307692307
4 0.5480769230769231 0.10216346153846154 0.04807692307692308 0.055288461538461536
3 0.9771634615384616 0.09495192307692307 0.040865384615384616 0.040865384615384616
4 0.054086538461538464 0.5661057692307693 0.05048076923076923 0.052884615384615384
2 0.054086538461538464 0.9735576923076923 0.040865384615384616 0.04567307692307692
3 0.49278846153846156 0.5865384615384616 0.05048076923076923 0.036057692307692304
5 0.2668269230769231 0.546875 0.052884615384615384 0.04567307692307692
4 0.5588942307692307 0.7307692307692307 0.05048076923076923 0.04807692307692308
5 0.7247596153846154 0.8725961538461539 0.0673076923076923 0.07211538461538461
3 0.8978365384615384 0.7439903846153846 0.06490384615384616 0.06009615384615385