5 0.39783653846153844 0.007211538461538462 0.06490384615384616 0.014423076923076924
4 0.23317307692307693 0.04807692307692308 0.10576923076923077 0.09615384615384616
2 0.026442307692307692 0.4423076923076923 0.052884615384615384 0.09134615384615384
3 0.47836538461538464 0.20552884615384615 0.057692307692307696 0.07932692307692307
5 0.7872596153846154 0.34975961538461536 0.04807692307692308 0.03365384615384615
4 0.7295673076923077 0.46274038461538464 0.05048076923076923 0.04567307692307692
2 0.7295673076923077 0.02403846153846154 0.04567307692307692 0.04807692307692308
0 0.3629807692307692 0.7247596153846154 0.057692307692307696 0.07451923076923077
0 0.9242788461538461 0.5973557692307693 0.04807692307692308 0.06490384615384616
5 0.5564903846153846 0.5925480769230769 0.04567307692307692 0.07211538461538461
4 0.5324519230769231 0.6177884615384616 0.04567307692307692 0.052884615384615384