5 0.18990384615384615 0.20673076923076922 0.052884615384615384 0.0625
5 0.22956730769230768 0.37740384615384615 0.036057692307692304 0.052884615384615384
4 0.23677884615384615 0.38341346153846156 0.09375 0.07932692307692307
3 0.3942307692307692 0.09375 0.0673076923076923 0.057692307692307696
3 0.6189903846153846 0.2644230769230769 0.0889423076923077 0.057692307692307696
4 0.2644230769230769 0.7331730769230769 0.0673076923076923 0.06971153846153846
5 0.03245192307692308 0.8605769230769231 0.06009615384615385 0.04326923076923077
5 0.109375 0.4951923076923077 0.06009615384615385 0.052884615384615384
5 0.7596153846153846 0.5240384615384616 0.07211538461538461 0.0673076923076923
4 0.5300480769230769 0.640625 0.040865384615384616 0.06490384615384616
1 0.9098557692307693 0.6478365384615384 0.055288461538461536 0.07451923076923077
3 0.5240384615384616 0.9831730769230769 0.028846153846153848 0.028846153846153848