4 0.015625 0.10576923076923077 0.03125 0.052884615384615384
5 0.28846153846153844 0.1141826923076923 0.057692307692307696 0.055288461538461536
1 0.46153846153846156 0.3076923076923077 0.07211538461538461 0.07692307692307693
4 0.5817307692307693 0.4182692307692308 0.09134615384615384 0.11057692307692307
1 0.9206730769230769 0.28725961538461536 0.0673076923076923 0.0889423076923077
0 0.5144230769230769 0.036057692307692304 0.028846153846153848 0.07211538461538461
4 0.34375 0.7079326923076923 0.08173076923076923 0.08413461538461539
0 0.010817307692307692 0.6862980769230769 0.021634615384615384 0.09375
5 0.4831730769230769 0.6862980769230769 0.028846153846153848 0.0985576923076923
5 0.12980769230769232 0.6418269230769231 0.0625 0.0673076923076923
2 0.8269230769230769 0.9807692307692307 0.07211538461538461 0.03365384615384615
4 0.8353365384615384 0.5901442307692307 0.06971153846153846 0.05048076923076923
0 0.5084134615384616 0.5841346153846154 0.016826923076923076 0.07211538461538461
5 0.5829326923076923 0.7439903846153846 0.055288461538461536 0.05048076923076923