4 0.3161057692307692 0.32572115384615385 0.11778846153846154 0.10817307692307693
5 0.13221153846153846 0.2932692307692308 0.09134615384615384 0.057692307692307696
5 0.7259615384615384 0.28725961538461536 0.07451923076923077 0.06971153846153846
0 0.9819711538461539 0.15745192307692307 0.03125 0.10336538461538461
5 0.19831730769230768 0.9170673076923077 0.07451923076923077 0.07932692307692307
2 0.21514423076923078 0.9663461538461539 0.0985576923076923 0.0625
4 0.22235576923076922 0.5336538461538461 0.05048076923076923 0.04807692307692308
5 0.23076923076923078 0.5637019230769231 0.07211538461538461 0.07451923076923077
4 0.6658653846153846 0.8653846153846154 0.057692307692307696 0.052884615384615384
5 0.6862980769230769 0.7680288461538461 0.05048076923076923 0.036057692307692304
5 0.6899038461538461 0.8485576923076923 0.04326923076923077 0.03365384615384615
1 0.7944711538461539 0.4699519230769231 0.0889423076923077 0.05048076923076923