5 0.1814903846153846 0.19230769230769232 0.06490384615384616 0.0673076923076923
0 0.10576923076923077 0.1971153846153846 0.0673076923076923 0.10096153846153846
5 0.5360576923076923 0.2512019230769231 0.038461538461538464 0.0985576923076923
4 0.5228365384615384 0.27283653846153844 0.06490384615384616 0.07451923076923077
5 0.8137019230769231 0.21634615384615385 0.05048076923076923 0.02403846153846154
4 0.7896634615384616 0.24759615384615385 0.1201923076923077 0.09134615384615384
5 0.7956730769230769 0.25600961538461536 0.038461538461538464 0.03125
4 0.01201923076923077 0.5889423076923077 0.02403846153846154 0.052884615384615384
1 0.36899038461538464 0.5949519230769231 0.06971153846153846 0.06971153846153846
5 0.04807692307692308 0.7043269230769231 0.0625 0.06009615384615385
3 0.009615384615384616 0.9362980769230769 0.019230769230769232 0.055288461538461536
3 0.9663461538461539 0.7848557692307693 0.0625 0.0985576923076923