4 0.11658653846153846 0.1201923076923077 0.09375 0.08173076923076923
5 0.07211538461538461 0.2620192307692308 0.09134615384615384 0.07692307692307693
5 0.2692307692307692 0.28365384615384615 0.10096153846153846 0.10576923076923077
0 0.44591346153846156 0.47836538461538464 0.040865384615384616 0.11538461538461539
4 0.7596153846153846 0.1778846153846154 0.057692307692307696 0.04807692307692308
5 0.6466346153846154 0.22596153846153846 0.040865384615384616 0.03365384615384615
5 0.25721153846153844 0.8040865384615384 0.08653846153846154 0.07451923076923077
5 0.07572115384615384 0.8173076923076923 0.05048076923076923 0.0625
4 0.2536057692307692 0.8401442307692307 0.055288461538461536 0.06009615384615385
4 0.9122596153846154 0.5901442307692307 0.055288461538461536 0.05048076923076923
5 0.9399038461538461 0.6081730769230769 0.03365384615384615 0.028846153846153848
5 0.7584134615384616 0.6418269230769231 0.036057692307692304 0.028846153846153848