5 0.09375 0.32211538461538464 0.057692307692307696 0.0673076923076923
2 0.46634615384615385 0.13942307692307693 0.08173076923076923 0.09615384615384616
5 0.6153846153846154 0.10576923076923077 0.125 0.07211538461538461
5 0.7439903846153846 0.23677884615384615 0.08413461538461539 0.052884615384615384
4 0.7716346153846154 0.036057692307692304 0.09615384615384616 0.07211538461538461
0 0.7932692307692307 0.4230769230769231 0.09615384615384616 0.04807692307692308
5 0.17548076923076922 0.9375 0.10096153846153846 0.0673076923076923
4 0.32211538461538464 0.7223557692307693 0.052884615384615384 0.055288461538461536
5 0.44350961538461536 0.9831730769230769 0.06971153846153846 0.028846153846153848
1 0.03125 0.7992788461538461 0.052884615384615384 0.06490384615384616
5 0.5252403846153846 0.671875 0.03125 0.06009615384615385
4 0.6442307692307693 0.8629807692307693 0.0673076923076923 0.057692307692307696
1 0.6478365384615384 0.4807692307692308 0.07451923076923077 0.0625
3 0.9831730769230769 0.8774038461538461 0.028846153846153848 0.08653846153846154