1 0.04567307692307692 0.35216346153846156 0.052884615384615384 0.07451923076923077
4 0.47115384615384615 0.40024038461538464 0.028846153846153848 0.07451923076923077
4 0.8713942307692307 0.4326923076923077 0.11298076923076923 0.11538461538461539
3 0.5084134615384616 0.47716346153846156 0.040865384615384616 0.040865384615384616
2 0.8052884615384616 0.13581730769230768 0.08653846153846154 0.06490384615384616
5 0.8497596153846154 0.3545673076923077 0.03125 0.03125
5 0.4699519230769231 0.5204326923076923 0.03125 0.040865384615384616
5 0.16826923076923078 0.5324519230769231 0.038461538461538464 0.04567307692307692
4 0.3701923076923077 0.5913461538461539 0.10096153846153846 0.1346153846153846
2 0.02403846153846154 0.9302884615384616 0.04807692307692308 0.11538461538461539
4 0.8233173076923077 0.7151442307692307 0.055288461538461536 0.055288461538461536