5 0.12860576923076922 0.1658653846153846 0.04567307692307692 0.0625
4 0.3112980769230769 0.203125 0.0985576923076923 0.0985576923076923
5 0.23798076923076922 0.3942307692307692 0.057692307692307696 0.0673076923076923
2 0.01201923076923077 0.5588942307692307 0.02403846153846154 0.11778846153846154
4 0.6550480769230769 0.44711538461538464 0.11778846153846154 0.09134615384615384
2 0.5360576923076923 0.14543269230769232 0.0673076923076923 0.07451923076923077
5 0.7620192307692307 0.16706730769230768 0.019230769230769232 0.04567307692307692
5 0.7091346153846154 0.16466346153846154 0.04326923076923077 0.040865384615384616
4 0.30288461538461536 0.8461538461538461 0.04807692307692308 0.07211538461538461
5 0.5192307692307693 0.7091346153846154 0.0625 0.0625
1 0.9290865384615384 0.734375 0.06971153846153846 0.08413461538461539
4 0.5552884615384616 0.7379807692307693 0.04807692307692308 0.052884615384615384