5 0.3112980769230769 0.026442307692307692 0.07451923076923077 0.052884615384615384
4 0.4050480769230769 0.16346153846153846 0.12740384615384615 0.10576923076923077
3 0.0673076923076923 0.484375 0.11057692307692307 0.04567307692307692
5 0.9483173076923077 0.009615384615384616 0.040865384615384616 0.019230769230769232
0 0.6021634615384616 0.04927884615384615 0.06490384615384616 0.040865384615384616
4 0.8810096153846154 0.15144230769230768 0.055288461538461536 0.04807692307692308
2 0.6201923076923077 0.41466346153846156 0.07692307692307693 0.07451923076923077
3 0.16105769230769232 0.9603365384615384 0.03365384615384615 0.04326923076923077
5 0.06971153846153846 0.5961538461538461 0.028846153846153848 0.026442307692307692
4 0.16105769230769232 0.546875 0.05048076923076923 0.05048076923076923
4 0.65625 0.6274038461538461 0.09134615384615384 0.10576923076923077
5 0.7367788461538461 0.9495192307692307 0.055288461538461536 0.052884615384615384