4 0.03365384615384615 0.10697115384615384 0.0673076923076923 0.10817307692307693
1 0.32091346153846156 0.2848557692307692 0.06490384615384616 0.06009615384615385
5 0.2848557692307692 0.17307692307692307 0.0889423076923077 0.06490384615384616
4 0.9579326923076923 0.10216346153846154 0.07932692307692307 0.06490384615384616
5 0.9519230769230769 0.4519230769230769 0.07692307692307693 0.028846153846153848
0 0.47836538461538464 0.06370192307692307 0.07692307692307693 0.09375
4 0.15745192307692307 0.7728365384615384 0.040865384615384616 0.055288461538461536
5 0.15264423076923078 0.9735576923076923 0.06490384615384616 0.04807692307692308
5 0.025240384615384616 0.5456730769230769 0.05048076923076923 0.0673076923076923
4 0.71875 0.4951923076923077 0.04807692307692308 0.052884615384615384
1 0.7223557692307693 0.96875 0.05048076923076923 0.040865384615384616