5 0.31009615384615385 0.47596153846153844 0.07211538461538461 0.08173076923076923
5 0.3401442307692308 0.3161057692307692 0.08413461538461539 0.04567307692307692
4 0.34615384615384615 0.3137019230769231 0.09615384615384616 0.13221153846153846
3 0.06610576923076923 0.17307692307692307 0.06490384615384616 0.08173076923076923
5 0.8365384615384616 0.7115384615384616 0.04807692307692308 0.028846153846153848
4 0.8377403846153846 0.5192307692307693 0.036057692307692304 0.04807692307692308
1 0.8617788461538461 0.12379807692307693 0.09375 0.05048076923076923
0 0.4891826923076923 0.484375 0.055288461538461536 0.10817307692307693
5 0.3629807692307692 0.7752403846153846 0.03125 0.036057692307692304
4 0.3545673076923077 0.8016826923076923 0.05048076923076923 0.04567307692307692
5 0.6418269230769231 0.7632211538461539 0.057692307692307696 0.06490384615384616
2 0.6971153846153846 0.984375 0.08173076923076923 0.026442307692307692