4 0.3161057692307692 0.40865384615384615 0.0889423076923077 0.07211538461538461
5 0.20793269230769232 0.5637019230769231 0.07451923076923077 0.04567307692307692
1 0.19831730769230768 0.008413461538461538 0.06971153846153846 0.016826923076923076
3 0.6598557692307693 0.3161057692307692 0.055288461538461536 0.05048076923076923
5 0.9819711538461539 0.48677884615384615 0.03125 0.06009615384615385
5 0.9194711538461539 0.014423076923076924 0.06009615384615385 0.028846153846153848
3 0.8269230769230769 0.16706730769230768 0.052884615384615384 0.09375
4 0.28846153846153844 0.5985576923076923 0.04326923076923077 0.019230769230769232
5 0.28125 0.7980769230769231 0.0625 0.08653846153846154
1 0.2692307692307692 0.9302884615384616 0.052884615384615384 0.0625
0 0.6310096153846154 0.6177884615384616 0.06490384615384616 0.057692307692307696
4 0.7716346153846154 0.7331730769230769 0.04807692307692308 0.052884615384615384
5 0.9278846153846154 0.9771634615384616 0.028846153846153848 0.026442307692307692