4 0.43990384615384615 0.04567307692307692 0.052884615384615384 0.09134615384615384
5 0.8882211538461539 0.1658653846153846 0.055288461538461536 0.036057692307692304
4 0.6358173076923077 0.11658653846153846 0.05048076923076923 0.052884615384615384
5 0.2548076923076923 0.6610576923076923 0.125 0.07211538461538461
5 0.12620192307692307 0.5300480769230769 0.08413461538461539 0.052884615384615384
4 0.09975961538461539 0.7524038461538461 0.09375 0.11057692307692307
1 0.41346153846153844 0.6995192307692307 0.0625 0.0625
4 0.5997596153846154 0.5552884615384616 0.057692307692307696 0.06490384615384616
1 0.5913461538461539 0.9495192307692307 0.07211538461538461 0.0625
0 0.9375 0.5673076923076923 0.06971153846153846 0.10576923076923077
5 0.8353365384615384 0.7391826923076923 0.052884615384615384 0.05048076923076923