5 0.1310096153846154 0.06490384615384616 0.04567307692307692 0.0625
4 0.3004807692307692 0.10336538461538461 0.07211538461538461 0.10096153846153846
5 0.2403846153846154 0.2932692307692308 0.057692307692307696 0.0673076923076923
5 0.6478365384615384 0.037259615384615384 0.07932692307692307 0.07451923076923077
4 0.59375 0.21875 0.0673076923076923 0.0673076923076923
1 0.9783653846153846 0.23677884615384615 0.038461538461538464 0.08413461538461539
5 0.8377403846153846 0.40384615384615385 0.07692307692307693 0.07211538461538461
4 0.31850961538461536 0.7403846153846154 0.036057692307692304 0.11538461538461539
5 0.20673076923076922 0.7896634615384616 0.08173076923076923 0.055288461538461536
1 0.040865384615384616 0.5108173076923077 0.08173076923076923 0.12259615384615384
5 0.7319711538461539 0.5649038461538461 0.06490384615384616 0.0625
4 0.6213942307692307 0.5673076923076923 0.07932692307692307 0.0673076923076923
3 0.609375 0.9170673076923077 0.07451923076923077 0.055288461538461536