5 0.02403846153846154 0.5408653846153846 0.04807692307692308 0.052884615384615384
4 0.051682692307692304 0.359375 0.10336538461538461 0.09615384615384616
5 0.23918269230769232 0.14783653846153846 0.08413461538461539 0.055288461538461536
3 0.39903846153846156 0.04326923076923077 0.07211538461538461 0.08653846153846154
1 0.8112980769230769 0.1502403846153846 0.07932692307692307 0.07932692307692307
4 0.3629807692307692 0.7391826923076923 0.052884615384615384 0.055288461538461536
5 0.3942307692307692 0.7163461538461539 0.028846153846153848 0.03125
5 0.4266826923076923 0.8858173076923077 0.02403846153846154 0.036057692307692304
5 0.5853365384615384 0.7007211538461539 0.036057692307692304 0.055288461538461536
4 0.5336538461538461 0.6225961538461539 0.04807692307692308 0.052884615384615384
3 0.9723557692307693 0.6177884615384616 0.05048076923076923 0.036057692307692304