5 0.45072115384615385 0.41225961538461536 0.07932692307692307 0.05048076923076923
2 0.4026442307692308 0.15264423076923078 0.06971153846153846 0.06971153846153846
4 0.2704326923076923 0.46033653846153844 0.11778846153846154 0.07451923076923077
5 0.016826923076923076 0.40625 0.03365384615384615 0.057692307692307696
5 0.9879807692307693 0.42908653846153844 0.019230769230769232 0.06009615384615385
3 0.7403846153846154 0.265625 0.057692307692307696 0.07692307692307693
1 0.44350961538461536 0.7908653846153846 0.040865384615384616 0.038461538461538464
4 0.2776442307692308 0.6370192307692307 0.05048076923076923 0.04807692307692308
3 0.11778846153846154 0.9206730769230769 0.04807692307692308 0.04326923076923077
4 0.9134615384615384 0.5769230769230769 0.09134615384615384 0.09134615384615384
5 0.8509615384615384 0.6971153846153846 0.04326923076923077 0.04326923076923077