5 0.3545673076923077 0.030048076923076924 0.07451923076923077 0.06009615384615385
5 0.3233173076923077 0.17668269230769232 0.08413461538461539 0.04567307692307692
4 0.3173076923076923 0.17908653846153846 0.09615384615384616 0.13221153846153846
1 0.07932692307692307 0.5853365384615384 0.08653846153846154 0.040865384615384616
5 0.8629807692307693 0.24879807692307693 0.07211538461538461 0.05048076923076923
4 0.8581730769230769 0.46634615384615385 0.09134615384615384 0.09134615384615384
5 0.796875 0.5853365384615384 0.04567307692307692 0.040865384615384616
1 0.6081730769230769 0.14423076923076922 0.07692307692307693 0.07692307692307693
4 0.18028846153846154 0.8293269230769231 0.0673076923076923 0.0625
0 0.4987980769230769 0.8473557692307693 0.055288461538461536 0.10576923076923077
5 0.8377403846153846 0.6778846153846154 0.06490384615384616 0.06971153846153846
4 0.7548076923076923 0.7668269230769231 0.08413461538461539 0.08413461538461539