4 0.4110576923076923 0.1045673076923077 0.11538461538461539 0.0985576923076923
1 0.2439903846153846 0.4495192307692308 0.0985576923076923 0.057692307692307696
5 0.13701923076923078 0.037259615384615384 0.07451923076923077 0.055288461538461536
5 0.8064903846153846 0.2824519230769231 0.05048076923076923 0.04567307692307692
4 0.6899038461538461 0.24278846153846154 0.1201923076923077 0.1201923076923077
5 0.9242788461538461 0.2920673076923077 0.03125 0.03125
4 0.4807692307692308 0.7704326923076923 0.11057692307692307 0.12259615384615384
1 0.13341346153846154 0.8846153846153846 0.07451923076923077 0.07211538461538461
4 0.8112980769230769 0.6370192307692307 0.05048076923076923 0.04807692307692308
5 0.8004807692307693 0.6141826923076923 0.07211538461538461 0.07451923076923077
5 0.6550480769230769 0.7091346153846154 0.07451923076923077 0.07451923076923077