1 0.021634615384615384 0.4483173076923077 0.04326923076923077 0.036057692307692304
5 0.021634615384615384 0.17427884615384615 0.04326923076923077 0.05048076923076923
4 0.17427884615384615 0.12379807692307693 0.10336538461538461 0.11298076923076923
5 0.2536057692307692 0.296875 0.07451923076923077 0.04567307692307692
0 0.5841346153846154 0.37259615384615385 0.09134615384615384 0.1201923076923077
0 0.6778846153846154 0.21153846153846154 0.038461538461538464 0.0673076923076923
4 0.8221153846153846 0.43509615384615385 0.04326923076923077 0.057692307692307696
5 0.8365384615384616 0.3401442307692308 0.10096153846153846 0.036057692307692304
0 0.06490384615384616 0.7584134615384616 0.040865384615384616 0.06490384615384616
5 0.11899038461538461 0.9326923076923077 0.08413461538461539 0.038461538461538464
5 0.1346153846153846 0.7247596153846154 0.08173076923076923 0.040865384615384616
4 0.22716346153846154 0.9735576923076923 0.04567307692307692 0.04807692307692308
1 0.4567307692307692 0.6454326923076923 0.0625 0.06971153846153846
5 0.6862980769230769 0.8052884615384616 0.055288461538461536 0.038461538461538464
4 0.7848557692307693 0.7175480769230769 0.040865384615384616 0.055288461538461536
5 0.8064903846153846 0.9783653846153846 0.06009615384615385 0.038461538461538464