5 0.38822115384615385 0.03485576923076923 0.05048076923076923 0.06971153846153846
0 0.43509615384615385 0.037259615384615384 0.057692307692307696 0.06971153846153846
4 0.1814903846153846 0.27524038461538464 0.0889423076923077 0.0889423076923077
5 0.44591346153846156 0.41947115384615385 0.0673076923076923 0.08173076923076923
1 0.47836538461538464 0.5877403846153846 0.038461538461538464 0.06490384615384616
5 0.5192307692307693 0.23918269230769232 0.038461538461538464 0.06009615384615385
4 0.5661057692307693 0.2860576923076923 0.06490384615384616 0.055288461538461536
1 0.9579326923076923 0.29086538461538464 0.07451923076923077 0.08653846153846154
3 0.5516826923076923 0.6262019230769231 0.10336538461538461 0.040865384615384616
4 0.10697115384615384 0.9615384615384616 0.07211538461538461 0.06009615384615385
5 0.25721153846153844 0.7439903846153846 0.052884615384615384 0.06490384615384616
4 0.8569711538461539 0.9122596153846154 0.0625 0.04807692307692308