1 0.039663461538461536 0.19951923076923078 0.07932692307692307 0.052884615384615384
5 0.04927884615384615 0.33774038461538464 0.0985576923076923 0.055288461538461536
4 0.27163461538461536 0.4362980769230769 0.08653846153846154 0.07932692307692307
5 0.42908653846153844 0.3581730769230769 0.06009615384615385 0.040865384615384616
5 0.9723557692307693 0.25961538461538464 0.05048076923076923 0.052884615384615384
4 0.9759615384615384 0.24639423076923078 0.04326923076923077 0.12740384615384615
3 0.6394230769230769 0.15745192307692307 0.07211538461538461 0.07451923076923077
4 0.17908653846153846 0.9819711538461539 0.06490384615384616 0.03125
1 0.18629807692307693 0.6141826923076923 0.06971153846153846 0.04567307692307692
3 0.5264423076923077 0.9891826923076923 0.052884615384615384 0.016826923076923076
3 0.8257211538461539 0.8713942307692307 0.06009615384615385 0.07932692307692307