5 0.3629807692307692 0.12379807692307693 0.057692307692307696 0.06971153846153846
4 0.09134615384615384 0.32572115384615385 0.12980769230769232 0.11298076923076923
1 0.3557692307692308 0.04447115384615385 0.057692307692307696 0.06490384615384616
4 0.9002403846153846 0.16947115384615385 0.05048076923076923 0.04807692307692308
5 0.8413461538461539 0.18990384615384615 0.03125 0.028846153846153848
5 0.32572115384615385 0.6033653846153846 0.03125 0.03125
4 0.3870192307692308 0.5853365384615384 0.04807692307692308 0.052884615384615384
5 0.4675480769230769 0.8497596153846154 0.06009615384615385 0.036057692307692304
4 0.5745192307692307 0.4338942307692308 0.07211538461538461 0.06971153846153846
1 0.9891826923076923 0.4338942307692308 0.016826923076923076 0.06971153846153846
5 0.7211538461538461 0.4795673076923077 0.057692307692307696 0.05048076923076923
3 0.5588942307692307 0.7427884615384616 0.07692307692307693 0.057692307692307696