5 0.14783653846153846 0.2704326923076923 0.06009615384615385 0.07451923076923077
2 0.36538461538461536 0.47596153846153844 0.04326923076923077 0.10096153846153846
5 0.4519230769230769 0.06490384615384616 0.052884615384615384 0.04807692307692308
4 0.48197115384615385 0.13701923076923078 0.06490384615384616 0.0625
1 0.8689903846153846 0.14302884615384615 0.06009615384615385 0.06971153846153846
5 0.6081730769230769 0.2283653846153846 0.04807692307692308 0.04807692307692308
3 0.45552884615384615 0.48197115384615385 0.06490384615384616 0.06490384615384616
5 0.3401442307692308 0.8353365384615384 0.05048076923076923 0.06490384615384616
4 0.10697115384615384 0.8521634615384616 0.055288461538461536 0.06009615384615385
5 0.15504807692307693 0.6514423076923077 0.05048076923076923 0.05048076923076923
5 0.5492788461538461 0.6670673076923077 0.028846153846153848 0.028846153846153848
4 0.6454326923076923 0.6141826923076923 0.05048076923076923 0.04807692307692308