4 0.18028846153846154 0.14543269230769232 0.08653846153846154 0.08413461538461539
2 0.13581730769230768 0.5432692307692307 0.07451923076923077 0.02403846153846154
5 0.8737980769230769 0.016826923076923076 0.055288461538461536 0.03365384615384615
4 0.8545673076923077 0.08413461538461539 0.06490384615384616 0.07692307692307693
1 0.8509615384615384 0.45913461538461536 0.08653846153846154 0.0673076923076923
3 0.5036057692307693 0.052884615384615384 0.06490384615384616 0.08653846153846154
4 0.25721153846153844 0.8149038461538461 0.052884615384615384 0.04807692307692308
5 0.1875 0.9891826923076923 0.07211538461538461 0.016826923076923076
3 0.36778846153846156 0.7211538461538461 0.038461538461538464 0.04807692307692308
4 0.7860576923076923 0.7043269230769231 0.05048076923076923 0.057692307692307696
5 0.7776442307692307 0.7620192307692307 0.03365384615384615 0.038461538461538464