4 0.22716346153846154 0.3762019230769231 0.0985576923076923 0.07932692307692307
3 0.4326923076923077 0.007211538461538462 0.07692307692307693 0.014423076923076924
4 0.9435096153846154 0.359375 0.04567307692307692 0.055288461538461536
0 0.6057692307692307 0.3425480769230769 0.052884615384615384 0.08413461538461539
5 0.10576923076923077 0.48677884615384615 0.07451923076923077 0.055288461538461536
4 0.2620192307692308 0.6850961538461539 0.0673076923076923 0.06971153846153846
5 0.042067307692307696 0.7596153846153846 0.06971153846153846 0.07692307692307693
5 0.6165865384615384 0.7728365384615384 0.07451923076923077 0.07932692307692307
4 0.7980769230769231 0.8245192307692307 0.0673076923076923 0.0673076923076923
1 0.8161057692307693 0.43990384615384615 0.08413461538461539 0.04326923076923077
5 0.9723557692307693 0.5805288461538461 0.05048076923076923 0.07932692307692307