1 0.3485576923076923 0.10817307692307693 0.0625 0.07692307692307693
5 0.34375 0.38221153846153844 0.0625 0.052884615384615384
5 0.17307692307692307 0.421875 0.052884615384615384 0.036057692307692304
4 0.16706730769230768 0.42908653846153844 0.07932692307692307 0.09375
5 0.7427884615384616 0.01201923076923077 0.09134615384615384 0.02403846153846154
0 0.8040865384615384 0.390625 0.08413461538461539 0.07932692307692307
0 0.2848557692307692 0.9579326923076923 0.10336538461538461 0.06971153846153846
5 0.2512019230769231 0.5600961538461539 0.055288461538461536 0.057692307692307696
4 0.21394230769230768 0.5456730769230769 0.07692307692307693 0.10096153846153846
4 0.9435096153846154 0.7067307692307693 0.05048076923076923 0.04807692307692308
3 0.5997596153846154 0.6826923076923077 0.055288461538461536 0.08653846153846154