5 0.23076923076923078 0.4567307692307692 0.07692307692307693 0.04326923076923077
4 0.2403846153846154 0.45072115384615385 0.10576923076923077 0.11298076923076923
5 0.47716346153846156 0.16826923076923078 0.055288461538461536 0.0625
4 0.9555288461538461 0.28365384615384615 0.08413461538461539 0.10096153846153846
2 0.6670673076923077 0.36538461538461536 0.055288461538461536 0.09134615384615384
5 0.6766826923076923 0.22596153846153846 0.036057692307692304 0.0625
5 0.6706730769230769 0.28125 0.02403846153846154 0.038461538461538464
5 0.03365384615384615 0.890625 0.0673076923076923 0.06490384615384616
4 0.20072115384615385 0.9483173076923077 0.13221153846153846 0.0985576923076923
2 0.2512019230769231 0.5348557692307693 0.08413461538461539 0.05048076923076923
5 0.6141826923076923 0.7451923076923077 0.06971153846153846 0.04326923076923077
4 0.6213942307692307 0.8004807692307693 0.05048076923076923 0.055288461538461536