4 0.41346153846153844 0.15144230769230768 0.0673076923076923 0.09615384615384616
0 0.07692307692307693 0.15384615384615385 0.06009615384615385 0.125
5 0.2956730769230769 0.27884615384615385 0.06971153846153846 0.07211538461538461
5 0.7451923076923077 0.04326923076923077 0.019230769230769232 0.02403846153846154
3 0.6730769230769231 0.25721153846153844 0.03365384615384615 0.04807692307692308
4 0.02403846153846154 0.4519230769230769 0.04807692307692308 0.0625
1 0.43509615384615385 0.46875 0.02403846153846154 0.08173076923076923
5 0.055288461538461536 0.5625 0.0673076923076923 0.057692307692307696
3 0.014423076923076924 0.8100961538461539 0.028846153846153848 0.0625
5 0.7019230769230769 0.40384615384615385 0.0625 0.08653846153846154
5 0.4795673076923077 0.43149038461538464 0.05048076923076923 0.06009615384615385
4 0.6286057692307693 0.5817307692307693 0.12740384615384615 0.12980769230769232