5 0.453125 0.25841346153846156 0.04567307692307692 0.0889423076923077
0 0.18028846153846154 0.006009615384615385 0.09134615384615384 0.01201923076923077
4 0.20793269230769232 0.3954326923076923 0.09375 0.07451923076923077
5 0.2127403846153846 0.4098557692307692 0.04567307692307692 0.06009615384615385
4 0.7127403846153846 0.0733173076923077 0.06971153846153846 0.06490384615384616
5 0.7536057692307693 0.16346153846153846 0.06971153846153846 0.0625
3 0.6766826923076923 0.4230769230769231 0.0985576923076923 0.052884615384615384
5 0.44350961538461536 0.8581730769230769 0.03365384615384615 0.052884615384615384
4 0.4266826923076923 0.8341346153846154 0.052884615384615384 0.04807692307692308
5 0.43028846153846156 0.7463942307692307 0.028846153846153848 0.02403846153846154
3 0.6935096153846154 0.8774038461538461 0.07692307692307693 0.0625