5 0.22716346153846154 0.019230769230769232 0.06009615384615385 0.038461538461538464
5 0.328125 0.14783653846153846 0.03125 0.06009615384615385
4 0.3329326923076923 0.1658653846153846 0.09615384615384616 0.07211538461538461
0 0.7872596153846154 0.06971153846153846 0.06009615384615385 0.040865384615384616
5 0.16346153846153846 0.3088942307692308 0.057692307692307696 0.06971153846153846
4 0.24879807692307693 0.47475961538461536 0.10817307692307693 0.0985576923076923
5 0.5901442307692307 0.5168269230769231 0.05048076923076923 0.0625
1 0.5649038461538461 0.8064903846153846 0.0625 0.07932692307692307
4 0.9326923076923077 0.5444711538461539 0.05048076923076923 0.04567307692307692
5 0.7764423076923077 0.5877403846153846 0.03125 0.026442307692307692
3 0.9278846153846154 0.96875 0.03365384615384615 0.04807692307692308