1 0.203125 0.04447115384615385 0.07451923076923077 0.0889423076923077
4 0.16706730769230768 0.43990384615384615 0.0985576923076923 0.0625
3 0.5324519230769231 0.43990384615384615 0.007211538461538462 0.052884615384615384
5 0.35697115384615385 0.4831730769230769 0.06971153846153846 0.0625
4 0.8930288461538461 0.31971153846153844 0.06009615384615385 0.057692307692307696
5 0.7860576923076923 0.22956730769230768 0.052884615384615384 0.07451923076923077
3 0.5588942307692307 0.2980769230769231 0.040865384615384616 0.09615384615384616
5 0.3473557692307692 0.7836538461538461 0.055288461538461536 0.0673076923076923
4 0.3401442307692308 0.8100961538461539 0.040865384615384616 0.052884615384615384
3 0.006009615384615385 0.7920673076923077 0.01201923076923077 0.040865384615384616
5 0.8557692307692307 0.7572115384615384 0.0673076923076923 0.014423076923076924