4 0.40384615384615385 0.10817307692307693 0.0673076923076923 0.10576923076923077
5 0.24519230769230768 0.18269230769230768 0.052884615384615384 0.09615384615384616
3 0.07692307692307693 0.3942307692307692 0.08653846153846154 0.04326923076923077
5 0.6706730769230769 0.1466346153846154 0.0673076923076923 0.0673076923076923
3 0.7932692307692307 0.2824519230769231 0.07932692307692307 0.055288461538461536
5 0.009615384615384616 0.47836538461538464 0.019230769230769232 0.052884615384615384
0 0.10096153846153846 0.46153846153846156 0.07211538461538461 0.055288461538461536
4 0.10817307692307693 0.8798076923076923 0.057692307692307696 0.052884615384615384
4 0.5709134615384616 0.8052884615384616 0.06009615384615385 0.0673076923076923
5 0.6033653846153846 0.8112980769230769 0.0673076923076923 0.06009615384615385
1 0.9891826923076923 0.8149038461538461 0.016826923076923076 0.08173076923076923
5 0.8762019230769231 0.890625 0.07932692307692307 0.06009615384615385
0 0.5925480769230769 0.453125 0.07932692307692307 0.06490384615384616