5 0.1466346153846154 0.3557692307692308 0.08173076923076923 0.0625
4 0.171875 0.35336538461538464 0.07451923076923077 0.08173076923076923
5 0.41586538461538464 0.3137019230769231 0.06009615384615385 0.055288461538461536
5 0.6971153846153846 0.11778846153846154 0.0673076923076923 0.07211538461538461
4 0.7307692307692307 0.07451923076923077 0.052884615384615384 0.04807692307692308
4 0.20793269230769232 0.7355769230769231 0.08173076923076923 0.09375
5 0.20793269230769232 0.7451923076923077 0.055288461538461536 0.057692307692307696
2 0.48197115384615385 0.7103365384615384 0.03125 0.06971153846153846
5 0.7127403846153846 0.8521634615384616 0.04567307692307692 0.06009615384615385
4 0.7127403846153846 0.8365384615384616 0.05048076923076923 0.04807692307692308
5 0.9399038461538461 0.9411057692307693 0.04326923076923077 0.05048076923076923