5 0.0985576923076923 0.04807692307692308 0.08653846153846154 0.04807692307692308
4 0.23677884615384615 0.29447115384615385 0.07451923076923077 0.09375
5 0.2512019230769231 0.28966346153846156 0.06009615384615385 0.04567307692307692
4 0.49158653846153844 0.4110576923076923 0.0985576923076923 0.0625
5 0.5084134615384616 0.046875 0.07451923076923077 0.055288461538461536
2 0.515625 0.02283653846153846 0.07451923076923077 0.04567307692307692
0 0.9711538461538461 0.45072115384615385 0.052884615384615384 0.09375
4 0.2512019230769231 0.71875 0.05048076923076923 0.04807692307692308
5 0.2620192307692308 0.9819711538461539 0.07692307692307693 0.03125
5 0.39302884615384615 0.9471153846153846 0.06490384615384616 0.07692307692307693
5 0.453125 0.9867788461538461 0.05048076923076923 0.021634615384615384
4 0.5324519230769231 0.7043269230769231 0.07211538461538461 0.06490384615384616
5 0.7475961538461539 0.8185096153846154 0.052884615384615384 0.05048076923076923
3 0.8317307692307693 0.7007211538461539 0.04326923076923077 0.13701923076923078