2 0.3088942307692308 0.20072115384615385 0.036057692307692304 0.055288461538461536
5 0.30528846153846156 0.5564903846153846 0.04326923076923077 0.021634615384615384
4 0.13942307692307693 0.5240384615384616 0.11057692307692307 0.08653846153846154
5 0.6334134615384616 0.04927884615384615 0.06971153846153846 0.040865384615384616
0 0.5588942307692307 0.30408653846153844 0.040865384615384616 0.06490384615384616
4 0.42908653846153844 0.09014423076923077 0.04567307692307692 0.06971153846153846
1 0.18269230769230768 0.8112980769230769 0.052884615384615384 0.06490384615384616
1 0.84375 0.7235576923076923 0.03365384615384615 0.04807692307692308
5 0.7908653846153846 0.6514423076923077 0.0673076923076923 0.038461538461538464
5 0.7391826923076923 0.671875 0.08413461538461539 0.036057692307692304
4 0.6838942307692307 0.5841346153846154 0.04567307692307692 0.028846153846153848
3 0.546875 0.9387019230769231 0.06009615384615385 0.06490384615384616