4 0.25240384615384615 0.453125 0.11057692307692307 0.11778846153846154
3 0.23798076923076922 0.026442307692307692 0.10576923076923077 0.052884615384615384
4 0.6971153846153846 0.4987980769230769 0.10576923076923077 0.055288461538461536
5 0.6201923076923077 0.34615384615384615 0.09615384615384616 0.052884615384615384
2 0.9675480769230769 0.27163461538461536 0.06009615384615385 0.0673076923076923
5 0.4495192307692308 0.9603365384615384 0.052884615384615384 0.06490384615384616
2 0.3713942307692308 0.5576923076923077 0.06971153846153846 0.057692307692307696
4 0.3605769230769231 0.9411057692307693 0.06490384615384616 0.0673076923076923
3 0.018028846153846152 0.9146634615384616 0.036057692307692304 0.06009615384615385
4 0.5817307692307693 0.5504807692307693 0.04326923076923077 0.04326923076923077
1 0.5769230769230769 0.9302884615384616 0.07692307692307693 0.04807692307692308
0 0.9302884615384616 0.5769230769230769 0.0625 0.09615384615384616