5 0.17067307692307693 0.31971153846153844 0.05048076923076923 0.0673076923076923
4 0.2247596153846154 0.41466346153846156 0.07932692307692307 0.06490384615384616
2 0.43149038461538464 0.025240384615384616 0.06971153846153846 0.05048076923076923
4 0.8293269230769231 0.140625 0.08173076923076923 0.09375
5 0.9651442307692307 0.18629807692307693 0.06490384615384616 0.09375
5 0.96875 0.020432692307692308 0.057692307692307696 0.040865384615384616
3 0.5625 0.3942307692307692 0.08173076923076923 0.08653846153846154
5 0.25721153846153844 0.6802884615384616 0.038461538461538464 0.0625
4 0.09375 0.8557692307692307 0.052884615384615384 0.057692307692307696
5 0.6105769230769231 0.9158653846153846 0.04326923076923077 0.052884615384615384
4 0.7415865384615384 0.7560096153846154 0.06009615384615385 0.06009615384615385
5 0.7584134615384616 0.8882211538461539 0.06009615384615385 0.040865384615384616