5 0.234375 0.3473557692307692 0.055288461538461536 0.07451923076923077
3 0.026442307692307692 0.046875 0.052884615384615384 0.09375
1 0.8004807692307693 0.453125 0.028846153846153848 0.05048076923076923
5 0.7920673076923077 0.3605769230769231 0.06009615384615385 0.038461538461538464
5 0.7632211538461539 0.2692307692307692 0.06971153846153846 0.03365384615384615
0 0.7560096153846154 0.03485576923076923 0.040865384615384616 0.06490384615384616
4 0.6550480769230769 0.2932692307692308 0.052884615384615384 0.05048076923076923
2 0.4026442307692308 0.055288461538461536 0.07451923076923077 0.07692307692307693
1 0.20192307692307693 0.7307692307692307 0.08653846153846154 0.08653846153846154
5 0.6478365384615384 0.8822115384615384 0.04567307692307692 0.057692307692307696
4 0.6129807692307693 0.9086538461538461 0.04807692307692308 0.052884615384615384
0 0.9891826923076923 0.9074519230769231 0.016826923076923076 0.06490384615384616