4 0.36538461538461536 0.13341346153846154 0.12980769230769232 0.11298076923076923
2 0.04447115384615385 0.48197115384615385 0.0889423076923077 0.0889423076923077
4 0.8990384615384616 0.36899038461538464 0.05048076923076923 0.04807692307692308
2 0.45913461538461536 0.3629807692307692 0.019230769230769232 0.04807692307692308
5 0.056490384615384616 0.9026442307692307 0.06009615384615385 0.04567307692307692
4 0.07211538461538461 0.9026442307692307 0.04807692307692308 0.05048076923076923
0 0.06490384615384616 0.5841346153846154 0.07692307692307693 0.052884615384615384
2 0.48677884615384615 0.6610576923076923 0.07451923076923077 0.08653846153846154
4 0.8725961538461539 0.6706730769230769 0.04807692307692308 0.052884615384615384
5 0.5901442307692307 0.6862980769230769 0.06971153846153846 0.06490384615384616
3 0.8569711538461539 0.9891826923076923 0.10336538461538461 0.016826923076923076