5 0.020432692307692308 0.27163461538461536 0.040865384615384616 0.04807692307692308
4 0.06370192307692307 0.09375 0.12740384615384615 0.09134615384615384
5 0.23076923076923078 0.21033653846153846 0.09615384615384616 0.04567307692307692
0 0.49038461538461536 0.3425480769230769 0.03365384615384615 0.10817307692307693
4 0.6358173076923077 0.26802884615384615 0.11298076923076923 0.1466346153846154
5 0.6862980769230769 0.43509615384615385 0.055288461538461536 0.08173076923076923
4 0.41586538461538464 0.9423076923076923 0.08173076923076923 0.10096153846153846
2 0.12740384615384615 0.9362980769230769 0.07692307692307693 0.07451923076923077
5 0.40024038461538464 0.9507211538461539 0.05048076923076923 0.055288461538461536
4 0.7175480769230769 0.7271634615384616 0.04807692307692308 0.05048076923076923
5 0.7379807692307693 0.7860576923076923 0.028846153846153848 0.03125
5 0.9795673076923077 0.6334134615384616 0.03125 0.07211538461538461