4 0.3269230769230769 0.052884615384615384 0.11057692307692307 0.10576923076923077
5 0.30528846153846156 0.38461538461538464 0.05048076923076923 0.04567307692307692
1 0.8076923076923077 0.25961538461538464 0.08653846153846154 0.04807692307692308
4 0.33413461538461536 0.609375 0.0625 0.05048076923076923
5 0.07451923076923077 0.765625 0.0625 0.05048076923076923
5 0.24879807692307693 0.8569711538461539 0.04567307692307692 0.040865384615384616
3 0.31971153846153844 0.9495192307692307 0.0889423076923077 0.06009615384615385
0 0.6165865384615384 0.59375 0.08413461538461539 0.052884615384615384
5 0.8028846153846154 0.7115384615384616 0.04807692307692308 0.04807692307692308
4 0.9435096153846154 0.7548076923076923 0.055288461538461536 0.052884615384615384
2 0.65625 0.9879807692307693 0.0625 0.019230769230769232