5 0.25 0.019230769230769232 0.07692307692307693 0.038461538461538464
4 0.18870192307692307 0.32091346153846156 0.055288461538461536 0.05048076923076923
1 0.5528846153846154 0.34375 0.04807692307692308 0.04807692307692308
4 0.84375 0.35336538461538464 0.04807692307692308 0.04807692307692308
5 0.6574519230769231 0.3076923076923077 0.052884615384615384 0.07451923076923077
4 0.1658653846153846 0.5793269230769231 0.038461538461538464 0.04326923076923077
1 0.15144230769230768 0.9651442307692307 0.07692307692307693 0.06490384615384616
0 0.5060096153846154 0.5961538461538461 0.06490384615384616 0.08173076923076923
5 0.4375 0.4951923076923077 0.057692307692307696 0.052884615384615384
4 0.6730769230769231 0.7151442307692307 0.0625 0.06490384615384616
5 0.9266826923076923 0.5612980769230769 0.040865384615384616 0.05048076923076923