4 0.41346153846153844 0.04927884615384615 0.09134615384615384 0.0985576923076923
5 0.24278846153846154 0.1201923076923077 0.052884615384615384 0.09615384615384616
3 0.0733173076923077 0.35216346153846156 0.08413461538461539 0.08413461538461539
4 0.6358173076923077 0.4074519230769231 0.055288461538461536 0.036057692307692304
0 0.6262019230769231 0.019230769230769232 0.055288461538461536 0.038461538461538464
0 0.5721153846153846 0.515625 0.04807692307692308 0.08413461538461539
4 0.22235576923076922 0.5637019230769231 0.10336538461538461 0.10336538461538461
1 0.27884615384615385 0.8762019230769231 0.0673076923076923 0.06971153846153846
5 0.8521634615384616 0.6298076923076923 0.04567307692307692 0.0625
5 0.9615384615384616 0.8581730769230769 0.057692307692307696 0.0673076923076923
2 0.7091346153846154 0.9807692307692307 0.07692307692307693 0.03365384615384615