1 0.49158653846153844 0.1141826923076923 0.0889423076923077 0.06490384615384616
5 0.35096153846153844 0.47475961538461536 0.06009615384615385 0.04326923076923077
4 0.33533653846153844 0.47836538461538464 0.07932692307692307 0.07211538461538461
5 0.125 0.19591346153846154 0.07451923076923077 0.06971153846153846
3 0.7007211538461539 0.1466346153846154 0.05048076923076923 0.1201923076923077
5 0.2403846153846154 0.9507211538461539 0.052884615384615384 0.06971153846153846
2 0.24158653846153846 0.5661057692307693 0.04567307692307692 0.016826923076923076
4 0.23557692307692307 0.9759615384615384 0.04326923076923077 0.04326923076923077
5 0.9278846153846154 0.5745192307692307 0.0625 0.03365384615384615
4 0.8233173076923077 0.6081730769230769 0.040865384615384616 0.052884615384615384
1 0.8076923076923077 0.9807692307692307 0.07211538461538461 0.03365384615384615