4 0.11658653846153846 0.07211538461538461 0.05048076923076923 0.04807692307692308
5 0.8966346153846154 0.12139423076923077 0.04326923076923077 0.06009615384615385
4 0.7872596153846154 0.33653846153846156 0.05048076923076923 0.04807692307692308
3 0.43509615384615385 0.31490384615384615 0.04807692307692308 0.08653846153846154
4 0.19471153846153846 0.7199519230769231 0.052884615384615384 0.055288461538461536
5 0.16346153846153846 0.7427884615384616 0.028846153846153848 0.03125
5 0.1310096153846154 0.5733173076923077 0.02403846153846154 0.036057692307692304
5 0.9795673076923077 0.9651442307692307 0.036057692307692304 0.03125
4 0.7355769230769231 0.9122596153846154 0.05048076923076923 0.052884615384615384
2 0.7451923076923077 0.47836538461538464 0.052884615384615384 0.019230769230769232
5 0.5228365384615384 0.9591346153846154 0.057692307692307696 0.028846153846153848
3 0.30408653846153844 0.9038461538461539 0.05048076923076923 0.038461538461538464