4 0.3762019230769231 0.30408653846153844 0.10336538461538461 0.0889423076923077
5 0.46153846153846156 0.08774038461538461 0.04807692307692308 0.06971153846153846
0 0.11899038461538461 0.06370192307692307 0.06490384615384616 0.08413461538461539
5 0.890625 0.06129807692307692 0.055288461538461536 0.04567307692307692
4 0.8665865384615384 0.08413461538461539 0.04807692307692308 0.05048076923076923
5 0.7800480769230769 0.07932692307692307 0.026442307692307692 0.03365384615384615
4 0.06129807692307692 0.6995192307692307 0.0673076923076923 0.08413461538461539
5 0.16826923076923078 0.6538461538461539 0.0673076923076923 0.07932692307692307
3 0.41346153846153844 0.7355769230769231 0.0625 0.08653846153846154
4 0.7463942307692307 0.8185096153846154 0.040865384615384616 0.055288461538461536
1 0.7512019230769231 0.4483173076923077 0.07932692307692307 0.016826923076923076
5 0.8377403846153846 0.9711538461538461 0.06009615384615385 0.052884615384615384