4 0.4375 0.17427884615384615 0.07211538461538461 0.06009615384615385
5 0.48677884615384615 0.5048076923076923 0.07932692307692307 0.004807692307692308
5 0.5877403846153846 0.11177884615384616 0.055288461538461536 0.036057692307692304
0 0.04927884615384615 0.34134615384615385 0.0889423076923077 0.10576923076923077
0 0.6442307692307693 0.22235576923076922 0.040865384615384616 0.06009615384615385
4 0.9927884615384616 0.22596153846153846 0.009615384615384616 0.052884615384615384
5 0.8858173076923077 0.140625 0.06971153846153846 0.03125
5 0.15144230769230768 0.734375 0.08653846153846154 0.06490384615384616
4 0.2512019230769231 0.6850961538461539 0.0985576923076923 0.10096153846153846
2 0.01201923076923077 0.9699519230769231 0.02403846153846154 0.055288461538461536
5 0.046875 0.8317307692307693 0.055288461538461536 0.04807692307692308
5 0.7427884615384616 0.8269230769230769 0.06971153846153846 0.057692307692307696
4 0.9014423076923077 0.7307692307692307 0.0889423076923077 0.09375
5 0.9699519230769231 0.6298076923076923 0.055288461538461536 0.0625