5 0.1310096153846154 0.08052884615384616 0.06490384615384616 0.04567307692307692
5 0.35697115384615385 0.02283653846153846 0.0985576923076923 0.04567307692307692
1 0.020432692307692308 0.25961538461538464 0.040865384615384616 0.04807692307692308
1 0.4855769230769231 0.09615384615384616 0.052884615384615384 0.11538461538461539
5 0.9098557692307693 0.3088942307692308 0.055288461538461536 0.036057692307692304
4 0.020432692307692308 0.7896634615384616 0.040865384615384616 0.07451923076923077
1 0.025240384615384616 0.40625 0.05048076923076923 0.08173076923076923
3 0.3485576923076923 0.828125 0.057692307692307696 0.0889423076923077
5 0.5348557692307693 0.9158653846153846 0.055288461538461536 0.0625
4 0.6370192307692307 0.6514423076923077 0.038461538461538464 0.04326923076923077
3 0.984375 0.6766826923076923 0.026442307692307692 0.07932692307692307