4 0.3329326923076923 0.4110576923076923 0.06009615384615385 0.0625
5 0.10336538461538461 0.38221153846153844 0.04807692307692308 0.04326923076923077
3 0.014423076923076924 0.06009615384615385 0.028846153846153848 0.07692307692307693
0 0.9230769230769231 0.6177884615384616 0.125 0.057692307692307696
5 0.8798076923076923 0.2247596153846154 0.02403846153846154 0.05048076923076923
4 0.8485576923076923 0.20072115384615385 0.09134615384615384 0.1201923076923077
5 0.8401442307692307 0.20673076923076922 0.03125 0.038461538461538464
1 0.5132211538461539 0.2932692307692308 0.06971153846153846 0.09615384615384616
1 0.28966346153846156 0.7596153846153846 0.10336538461538461 0.0625
5 0.9795673076923077 0.7307692307692307 0.036057692307692304 0.0673076923076923
4 0.7800480769230769 0.9290865384615384 0.08413461538461539 0.09375