5 0.4074519230769231 0.171875 0.07932692307692307 0.07932692307692307
5 0.07932692307692307 0.21033653846153846 0.0625 0.0625
4 0.16826923076923078 0.34975961538461536 0.10096153846153846 0.08413461538461539
1 0.4807692307692308 0.6670673076923077 0.052884615384615384 0.06009615384615385
0 0.40865384615384615 0.09254807692307693 0.07211538461538461 0.040865384615384616
5 0.7644230769230769 0.34134615384615385 0.028846153846153848 0.055288461538461536
4 0.6538461538461539 0.3557692307692308 0.05048076923076923 0.04567307692307692
4 0.08173076923076923 0.9002403846153846 0.11057692307692307 0.0985576923076923
0 0.47716346153846156 0.8233173076923077 0.06009615384615385 0.07932692307692307
4 0.8461538461538461 0.8257211538461539 0.055288461538461536 0.05048076923076923
5 0.7884615384615384 0.8028846153846154 0.028846153846153848 0.03365384615384615