4 0.2848557692307692 0.08774038461538461 0.07932692307692307 0.0889423076923077
2 0.055288461538461536 0.47596153846153844 0.11057692307692307 0.019230769230769232
4 0.8533653846153846 0.21754807692307693 0.07692307692307693 0.12259615384615384
1 0.546875 0.22115384615384615 0.06009615384615385 0.07211538461538461
5 0.9182692307692307 0.3557692307692308 0.04807692307692308 0.04807692307692308
5 0.36538461538461536 0.6201923076923077 0.02403846153846154 0.0673076923076923
4 0.3629807692307692 0.5192307692307693 0.028846153846153848 0.0625
1 0.3581730769230769 0.9122596153846154 0.038461538461538464 0.06490384615384616
3 0.03365384615384615 0.5120192307692307 0.057692307692307696 0.04807692307692308
4 0.7944711538461539 0.6033653846153846 0.05048076923076923 0.04807692307692308
5 0.7860576923076923 0.5733173076923077 0.07211538461538461 0.07451923076923077
3 0.4230769230769231 0.5949519230769231 0.0625 0.0985576923076923