5 0.45552884615384615 0.4495192307692308 0.06971153846153846 0.057692307692307696
4 0.2536057692307692 0.1778846153846154 0.11298076923076923 0.12980769230769232
1 0.5348557692307693 0.4423076923076923 0.06490384615384616 0.057692307692307696
5 0.6862980769230769 0.16346153846153846 0.08653846153846154 0.05048076923076923
1 0.9627403846153846 0.13221153846153846 0.06009615384615385 0.07211538461538461
3 0.5961538461538461 0.5625 0.052884615384615384 0.028846153846153848
4 0.5997596153846154 0.14903846153846154 0.06009615384615385 0.11057692307692307
3 0.16346153846153846 0.90625 0.08173076923076923 0.08173076923076923
4 0.7151442307692307 0.7980769230769231 0.10336538461538461 0.125
5 0.9134615384615384 0.7920673076923077 0.04326923076923077 0.05048076923076923
5 0.8112980769230769 0.7788461538461539 0.040865384615384616 0.03365384615384615