5 0.10576923076923077 0.35336538461538464 0.0625 0.04807692307692308
4 0.2704326923076923 0.30408653846153844 0.10336538461538461 0.11298076923076923
5 0.34975961538461536 0.47716346153846156 0.07451923076923077 0.04567307692307692
3 0.027644230769230768 0.13822115384615385 0.055288461538461536 0.07932692307692307
5 0.6298076923076923 0.4074519230769231 0.038461538461538464 0.03125
4 0.6550480769230769 0.3545673076923077 0.04567307692307692 0.05048076923076923
5 0.8004807692307693 0.1814903846153846 0.038461538461538464 0.05048076923076923
4 0.14182692307692307 0.9254807692307693 0.0625 0.07211538461538461
0 0.5360576923076923 0.7439903846153846 0.040865384615384616 0.06490384615384616
5 0.5901442307692307 0.9182692307692307 0.08413461538461539 0.038461538461538464
5 0.6057692307692307 0.7103365384615384 0.08173076923076923 0.040865384615384616
4 0.6983173076923077 0.9663461538461539 0.04567307692307692 0.0625
1 0.9278846153846154 0.6310096153846154 0.0625 0.06971153846153846