5 0.020432692307692308 0.22956730769230768 0.040865384615384616 0.06009615384615385
5 0.1502403846153846 0.12860576923076922 0.06009615384615385 0.03125
4 0.16826923076923078 0.12379807692307693 0.07211538461538461 0.09615384615384616
0 0.5697115384615384 0.030048076923076924 0.10576923076923077 0.06009615384615385
1 0.9675480769230769 0.36778846153846156 0.06009615384615385 0.1201923076923077
5 0.6382211538461539 0.44711538461538464 0.021634615384615384 0.028846153846153848
5 0.6081730769230769 0.5228365384615384 0.038461538461538464 0.021634615384615384
4 0.6346153846153846 0.4495192307692308 0.08653846153846154 0.11538461538461539
1 0.14783653846153846 0.6382211538461539 0.05048076923076923 0.038461538461538464
1 0.7524038461538461 0.6370192307692307 0.04567307692307692 0.03125
5 0.6670673076923077 0.9206730769230769 0.040865384615384616 0.040865384615384616