4 0.43509615384615385 0.4170673076923077 0.08173076923076923 0.09375
5 0.2932692307692308 0.37259615384615385 0.07692307692307693 0.09134615384615384
5 0.27283653846153844 0.5673076923076923 0.10817307692307693 0.09615384615384616
1 0.04927884615384615 0.0625 0.0985576923076923 0.08653846153846154
4 0.6225961538461539 0.49759615384615385 0.04807692307692308 0.052884615384615384
2 0.6334134615384616 0.036057692307692304 0.04807692307692308 0.052884615384615384
4 0.4375 0.6610576923076923 0.04807692307692308 0.052884615384615384
5 0.33653846153846156 0.6742788461538461 0.028846153846153848 0.036057692307692304
3 0.010817307692307692 0.6550480769230769 0.021634615384615384 0.036057692307692304
4 0.7271634615384616 0.8137019230769231 0.07211538461538461 0.08413461538461539
5 0.9423076923076923 0.6274038461538461 0.0673076923076923 0.019230769230769232