5 0.08173076923076923 0.14543269230769232 0.04567307692307692 0.057692307692307696
4 0.38221153846153844 0.2439903846153846 0.028846153846153848 0.07932692307692307
1 0.052884615384615384 0.05048076923076923 0.07692307692307693 0.09134615384615384
4 0.47836538461538464 0.036057692307692304 0.06009615384615385 0.0625
1 0.8725961538461539 0.04927884615384615 0.07692307692307693 0.07932692307692307
3 0.47475961538461536 0.39302884615384615 0.07932692307692307 0.055288461538461536
4 0.03365384615384615 0.5552884615384616 0.0673076923076923 0.09134615384615384
5 0.13942307692307693 0.6153846153846154 0.04326923076923077 0.04326923076923077
0 0.28966346153846156 0.890625 0.09375 0.09375
5 0.45072115384615385 0.5432692307692307 0.07451923076923077 0.0673076923076923
4 0.6754807692307693 0.5576923076923077 0.04807692307692308 0.052884615384615384
5 0.9314903846153846 0.6622596153846154 0.06971153846153846 0.055288461538461536
3 0.6586538461538461 0.9242788461538461 0.10576923076923077 0.05048076923076923