5 0.3942307692307692 0.38461538461538464 0.05048076923076923 0.0673076923076923
4 0.34134615384615385 0.27884615384615385 0.07692307692307693 0.08653846153846154
4 0.7752403846153846 0.35336538461538464 0.05048076923076923 0.04807692307692308
5 0.7644230769230769 0.33052884615384615 0.07211538461538461 0.07451923076923077
5 0.6189903846153846 0.4254807692307692 0.07451923076923077 0.07451923076923077
4 0.057692307692307696 0.6610576923076923 0.052884615384615384 0.04807692307692308
0 0.38100961538461536 0.6802884615384616 0.05048076923076923 0.10096153846153846
3 0.4855769230769231 0.8112980769230769 0.052884615384615384 0.05048076923076923
4 0.9206730769230769 0.8149038461538461 0.052884615384615384 0.055288461538461536
5 0.8990384615384616 0.84375 0.028846153846153848 0.036057692307692304
5 0.8677884615384616 0.6622596153846154 0.036057692307692304 0.03125