5 0.38100961538461536 0.1658653846153846 0.06971153846153846 0.05048076923076923
4 0.3401442307692308 0.3473557692307692 0.10336538461538461 0.09615384615384616
5 0.15264423076923078 0.5588942307692307 0.08413461538461539 0.055288461538461536
3 0.015625 0.6442307692307693 0.03125 0.04326923076923077
2 0.028846153846153848 0.028846153846153848 0.057692307692307696 0.057692307692307696
5 0.8112980769230769 0.3233173076923077 0.055288461538461536 0.04567307692307692
4 0.8353365384615384 0.3004807692307692 0.04807692307692308 0.05048076923076923
5 0.921875 0.30528846153846156 0.026442307692307692 0.03365384615384615
4 0.48197115384615385 0.7512019230769231 0.05048076923076923 0.06971153846153846
5 0.3317307692307692 0.6802884615384616 0.07211538461538461 0.02403846153846154
3 0.15264423076923078 0.7403846153846154 0.04567307692307692 0.09134615384615384
4 0.6778846153846154 0.7091346153846154 0.057692307692307696 0.052884615384615384
5 0.6574519230769231 0.8064903846153846 0.05048076923076923 0.036057692307692304
5 0.6538461538461539 0.7259615384615384 0.04326923076923077 0.03365384615384615