1 0.5168269230769231 0.026442307692307692 0.09134615384615384 0.052884615384615384
5 0.375 0.3786057692307692 0.06009615384615385 0.04326923076923077
4 0.359375 0.38221153846153844 0.07932692307692307 0.07211538461538461
5 0.14903846153846154 0.09975961538461539 0.07451923076923077 0.06971153846153846
1 0.7259615384615384 0.34134615384615385 0.07211538461538461 0.07451923076923077
5 0.9711538461538461 0.20552884615384615 0.052884615384615384 0.055288461538461536
4 0.375 0.7584134615384616 0.06009615384615385 0.07211538461538461
5 0.2644230769230769 0.8028846153846154 0.057692307692307696 0.0673076923076923
3 0.02403846153846154 0.7367788461538461 0.04807692307692308 0.07932692307692307
5 0.5733173076923077 0.9098557692307693 0.026442307692307692 0.055288461538461536
4 0.984375 0.8377403846153846 0.026442307692307692 0.05048076923076923
5 0.96875 0.9158653846153846 0.057692307692307696 0.07692307692307693
3 0.6442307692307693 0.8173076923076923 0.04807692307692308 0.08413461538461539