5 0.013221153846153846 0.49399038461538464 0.026442307692307692 0.026442307692307692
4 0.11177884615384616 0.36899038461538464 0.06009615384615385 0.05048076923076923
5 0.4014423076923077 0.3786057692307692 0.057692307692307696 0.055288461538461536
5 0.9819711538461539 0.09975961538461539 0.03125 0.040865384615384616
5 0.5324519230769231 0.11057692307692307 0.055288461538461536 0.036057692307692304
4 0.7848557692307693 0.15985576923076922 0.05048076923076923 0.052884615384615384
4 0.11298076923076923 0.6983173076923077 0.08653846153846154 0.12259615384615384
5 0.11658653846153846 0.6971153846153846 0.05048076923076923 0.04326923076923077
5 0.03125 0.734375 0.038461538461538464 0.040865384615384616
4 0.5901442307692307 0.9387019230769231 0.040865384615384616 0.055288461538461536
1 0.5913461538461539 0.5612980769230769 0.08173076923076923 0.06971153846153846
3 0.9350961538461539 0.9663461538461539 0.052884615384615384 0.057692307692307696