5 0.020432692307692308 0.17307692307692307 0.040865384615384616 0.07211538461538461
4 0.19591346153846154 0.2127403846153846 0.09615384615384616 0.10336538461538461
5 0.39783653846153844 0.37740384615384615 0.036057692307692304 0.038461538461538464
1 0.9831730769230769 0.22115384615384615 0.028846153846153848 0.04326923076923077
4 0.546875 0.21153846153846154 0.057692307692307696 0.04567307692307692
5 0.71875 0.36778846153846156 0.0625 0.038461538461538464
4 0.18870192307692307 0.4110576923076923 0.04567307692307692 0.02403846153846154
5 0.203125 0.4987980769230769 0.11778846153846154 0.0889423076923077
1 0.2824519230769231 0.8810096153846154 0.11778846153846154 0.07451923076923077
4 0.5697115384615384 0.6814903846153846 0.04807692307692308 0.05048076923076923
5 0.4423076923076923 0.8473557692307693 0.04807692307692308 0.06971153846153846
5 0.7836538461538461 0.4699519230769231 0.0625 0.06009615384615385