4 0.11538461538461539 0.3425480769230769 0.057692307692307696 0.055288461538461536
5 0.037259615384615384 0.051682692307692304 0.06971153846153846 0.06971153846153846
5 0.7716346153846154 0.12139423076923077 0.0625 0.06971153846153846
2 0.6923076923076923 0.02403846153846154 0.0673076923076923 0.04807692307692308
4 0.6838942307692307 0.42788461538461536 0.07211538461538461 0.06490384615384616
5 0.46875 0.3137019230769231 0.052884615384615384 0.05048076923076923
3 0.38461538461538464 0.43149038461538464 0.04326923076923077 0.13701923076923078
0 0.9783653846153846 0.44591346153846156 0.038461538461538464 0.12259615384615384
5 0.23317307692307693 0.765625 0.055288461538461536 0.038461538461538464
4 0.24519230769230768 0.8533653846153846 0.04567307692307692 0.05048076923076923
2 0.7151442307692307 0.5552884615384616 0.04567307692307692 0.057692307692307696