5 0.453125 0.08052884615384616 0.07932692307692307 0.05048076923076923
4 0.27163461538461536 0.140625 0.11538461538461539 0.0985576923076923
5 0.018028846153846152 0.07451923076923077 0.036057692307692304 0.057692307692307696
0 0.5745192307692307 0.22355769230769232 0.02403846153846154 0.09134615384615384
0 0.6538461538461539 0.43028846153846156 0.10096153846153846 0.07211538461538461
4 0.31971153846153844 0.9663461538461539 0.10576923076923077 0.0625
5 0.24278846153846154 0.8100961538461539 0.09615384615384616 0.052884615384615384
3 0.027644230769230768 0.6418269230769231 0.055288461538461536 0.08653846153846154
2 0.5733173076923077 0.7355769230769231 0.026442307692307692 0.0673076923076923
4 0.6875 0.6899038461538461 0.052884615384615384 0.04807692307692308
5 0.6802884615384616 0.9375 0.0625 0.06971153846153846
0 0.9915865384615384 0.7019230769230769 0.01201923076923077 0.08173076923076923