4 0.054086538461538464 0.38822115384615385 0.0985576923076923 0.10817307692307693
5 0.09495192307692307 0.04447115384615385 0.06009615384615385 0.055288461538461536
1 0.3858173076923077 0.07211538461538461 0.07932692307692307 0.0625
2 0.6971153846153846 0.5817307692307693 0.08173076923076923 0.052884615384615384
5 0.7211538461538461 0.2127403846153846 0.04807692307692308 0.04567307692307692
4 0.890625 0.25240384615384615 0.10817307692307693 0.09615384615384616
5 0.9819711538461539 0.15985576923076922 0.03125 0.036057692307692304
4 0.051682692307692304 0.7391826923076923 0.10336538461538461 0.11298076923076923
5 0.16466346153846154 0.6862980769230769 0.040865384615384616 0.04567307692307692
5 0.5685096153846154 0.9435096153846154 0.040865384615384616 0.06490384615384616
4 0.6959134615384616 0.8533653846153846 0.08413461538461539 0.10096153846153846