5 0.3713942307692308 0.07091346153846154 0.06971153846153846 0.040865384615384616
0 0.296875 0.32572115384615385 0.040865384615384616 0.06490384615384616
4 0.16706730769230768 0.11177884615384616 0.04567307692307692 0.06971153846153846
5 0.6610576923076923 0.14302884615384615 0.06971153846153846 0.03365384615384615
5 0.6346153846153846 0.23798076923076922 0.06009615384615385 0.038461538461538464
1 0.6153846153846154 0.32091346153846156 0.04326923076923077 0.052884615384615384
4 0.4735576923076923 0.17307692307692307 0.04807692307692308 0.057692307692307696
3 0.36177884615384615 0.47596153846153844 0.036057692307692304 0.014423076923076924
2 0.27524038461538464 0.8221153846153846 0.05048076923076923 0.052884615384615384
4 0.16466346153846154 0.59375 0.05048076923076923 0.04326923076923077
5 0.8353365384615384 0.9230769230769231 0.10817307692307693 0.038461538461538464
4 0.8233173076923077 0.8545673076923077 0.05048076923076923 0.05048076923076923
5 0.7632211538461539 0.8774038461538461 0.07451923076923077 0.04326923076923077