1 0.36177884615384615 0.39663461538461536 0.03365384615384615 0.04807692307692308
0 0.2956730769230769 0.016826923076923076 0.04326923076923077 0.03365384615384615
5 0.2932692307692308 0.2860576923076923 0.0673076923076923 0.038461538461538464
4 0.20192307692307693 0.2512019230769231 0.052884615384615384 0.055288461538461536
0 0.7608173076923077 0.3329326923076923 0.06971153846153846 0.07451923076923077
5 0.9326923076923077 0.10697115384615384 0.04326923076923077 0.040865384615384616
5 0.9326923076923077 0.20552884615384615 0.04326923076923077 0.026442307692307692
4 0.3894230769230769 0.6923076923076923 0.10096153846153846 0.10576923076923077
4 0.6334134615384616 0.8846153846153846 0.04567307692307692 0.052884615384615384
5 0.6694711538461539 0.875 0.02403846153846154 0.028846153846153848
5 0.7115384615384616 0.8040865384615384 0.04567307692307692 0.028846153846153848