2 0.19110576923076922 0.23677884615384615 0.038461538461538464 0.04567307692307692
4 0.3173076923076923 0.03245192307692308 0.038461538461538464 0.06490384615384616
0 0.71875 0.33774038461538464 0.04326923076923077 0.055288461538461536
5 0.8473557692307693 0.08533653846153846 0.08413461538461539 0.040865384615384616
4 0.859375 0.06129807692307692 0.05048076923076923 0.05048076923076923
2 0.036057692307692304 0.9651442307692307 0.07211538461538461 0.06490384615384616
4 0.13822115384615385 0.6021634615384616 0.09375 0.10336538461538461
5 0.14182692307692307 0.5 0.04326923076923077 0.04326923076923077
1 0.4735576923076923 0.6983173076923077 0.03365384615384615 0.06009615384615385
5 0.5817307692307693 0.9471153846153846 0.040865384615384616 0.038461538461538464
4 0.6538461538461539 0.8341346153846154 0.04567307692307692 0.052884615384615384
3 0.7956730769230769 0.5288461538461539 0.040865384615384616 0.0625
2 0.9134615384615384 0.9903846153846154 0.057692307692307696 0.014423076923076924