0 0.43990384615384615 0.07091346153846154 0.040865384615384616 0.06490384615384616
5 0.421875 0.3870192307692308 0.06009615384615385 0.038461538461538464
1 0.4074519230769231 0.4651442307692308 0.04567307692307692 0.021634615384615384
4 0.28966346153846156 0.2536057692307692 0.05048076923076923 0.055288461538461536
5 0.15384615384615385 0.3605769230769231 0.0673076923076923 0.038461538461538464
0 0.8449519230769231 0.0985576923076923 0.040865384615384616 0.06490384615384616
5 0.84375 0.38461538461538464 0.0673076923076923 0.038461538461538464
4 0.7524038461538461 0.34975961538461536 0.052884615384615384 0.055288461538461536
5 0.2247596153846154 0.7091346153846154 0.05048076923076923 0.03365384615384615
5 0.13581730769230768 0.6550480769230769 0.03125 0.03365384615384615
4 0.2091346153846154 0.6358173076923077 0.05048076923076923 0.055288461538461536
1 0.6346153846153846 0.9879807692307693 0.04807692307692308 0.019230769230769232
5 0.65625 0.6382211538461539 0.04807692307692308 0.06971153846153846
4 0.6322115384615384 0.5492788461538461 0.05048076923076923 0.052884615384615384