0 0.10096153846153846 0.010817307692307692 0.04326923076923077 0.021634615384615384
5 0.0733173076923077 0.3004807692307692 0.06009615384615385 0.038461538461538464
1 0.055288461538461536 0.41225961538461536 0.04326923076923077 0.052884615384615384
5 0.7427884615384616 0.33533653846153844 0.08413461538461539 0.07211538461538461
4 0.5889423076923077 0.42908653846153844 0.10576923076923077 0.12740384615384615
2 0.8653846153846154 0.13701923076923078 0.07692307692307693 0.08653846153846154
5 0.2704326923076923 0.6394230769230769 0.06971153846153846 0.0673076923076923
5 0.19831730769230768 0.7127403846153846 0.05048076923076923 0.040865384615384616
4 0.09495192307692307 0.7716346153846154 0.10336538461538461 0.11057692307692307
1 0.75 0.9831730769230769 0.057692307692307696 0.028846153846153848
5 0.6189903846153846 0.609375 0.06490384615384616 0.021634615384615384