0 0.5132211538461539 0.15625 0.026442307692307692 0.0673076923076923
5 0.43990384615384615 0.25841346153846156 0.0673076923076923 0.036057692307692304
4 0.39903846153846156 0.3954326923076923 0.052884615384615384 0.055288461538461536
2 0.15504807692307693 0.125 0.07451923076923077 0.07692307692307693
4 0.6971153846153846 0.20072115384615385 0.05048076923076923 0.052884615384615384
5 0.5396634615384616 0.203125 0.021634615384615384 0.055288461538461536
5 0.6682692307692307 0.09975961538461539 0.04807692307692308 0.036057692307692304
5 0.24158653846153846 0.8509615384615384 0.06009615384615385 0.038461538461538464
1 0.23557692307692307 0.9254807692307693 0.04326923076923077 0.052884615384615384
5 0.21033653846153846 0.7980769230769231 0.06971153846153846 0.03365384615384615
0 0.1875 0.5168269230769231 0.04326923076923077 0.057692307692307696
4 0.07692307692307693 0.7800480769230769 0.052884615384615384 0.05048076923076923
4 0.8894230769230769 0.875 0.0889423076923077 0.09375
5 0.8161057692307693 0.9723557692307693 0.06971153846153846 0.05048076923076923
3 0.5540865384615384 0.5336538461538461 0.05048076923076923 0.08653846153846154