5 0.39903846153846156 0.3088942307692308 0.03365384615384615 0.0985576923076923
2 0.08533653846153846 0.31009615384615385 0.04567307692307692 0.038461538461538464
4 0.2920673076923077 0.4495192307692308 0.06971153846153846 0.04326923076923077
0 0.8858173076923077 0.36778846153846156 0.08413461538461539 0.10096153846153846
4 0.4723557692307692 0.3870192307692308 0.06009615384615385 0.0625
2 0.46153846153846156 0.025240384615384616 0.08653846153846154 0.05048076923076923
5 0.5324519230769231 0.5384615384615384 0.03125 0.04807692307692308
3 0.11658653846153846 0.9266826923076923 0.06490384615384616 0.0985576923076923
2 0.5612980769230769 0.8389423076923077 0.04567307692307692 0.038461538461538464
0 0.9879807692307693 0.8413461538461539 0.019230769230769232 0.04326923076923077
5 0.765625 0.8834134615384616 0.036057692307692304 0.09375
4 0.7896634615384616 0.9807692307692307 0.06009615384615385 0.03365384615384615