0 0.40625 0.5973557692307693 0.040865384615384616 0.06490384615384616
2 0.4050480769230769 0.1814903846153846 0.038461538461538464 0.04567307692307692
4 0.2764423076923077 0.390625 0.04326923076923077 0.06971153846153846
5 0.12980769230769232 0.2776442307692308 0.09615384615384616 0.036057692307692304
3 0.0733173076923077 0.0673076923076923 0.06009615384615385 0.0673076923076923
1 0.06009615384615385 0.6959134615384616 0.0625 0.06971153846153846
5 0.9663461538461539 0.39663461538461536 0.0625 0.038461538461538464
2 0.9771634615384616 0.08052884615384616 0.038461538461538464 0.04567307692307692
0 0.9735576923076923 0.4987980769230769 0.040865384615384616 0.06490384615384616
4 0.8425480769230769 0.28966346153846156 0.04326923076923077 0.06971153846153846
1 0.625 0.5949519230769231 0.0625 0.06971153846153846
5 0.4543269230769231 0.7728365384615384 0.02403846153846154 0.036057692307692304
4 0.390625 0.8605769230769231 0.04567307692307692 0.052884615384615384