5 0.23798076923076922 0.2620192307692308 0.08653846153846154 0.04807692307692308
0 0.31971153846153844 0.018028846153846152 0.04326923076923077 0.036057692307692304
2 0.31971153846153844 0.42908653846153844 0.038461538461538464 0.04567307692307692
4 0.4579326923076923 0.21514423076923078 0.04567307692307692 0.06971153846153846
4 0.6201923076923077 0.12740384615384615 0.10576923076923077 0.09134615384615384
5 0.9423076923076923 0.046875 0.052884615384615384 0.055288461538461536
3 0.9651442307692307 0.46033653846153844 0.06490384615384616 0.11298076923076923
4 0.08052884615384616 0.5709134615384616 0.05048076923076923 0.06009615384615385
3 0.4206730769230769 0.7439903846153846 0.08173076923076923 0.08413461538461539
5 0.6478365384615384 0.65625 0.06009615384615385 0.038461538461538464
4 0.7463942307692307 0.8329326923076923 0.05048076923076923 0.055288461538461536
5 0.7560096153846154 0.9050480769230769 0.06490384615384616 0.036057692307692304