5 0.2091346153846154 0.010817307692307692 0.04326923076923077 0.021634615384615384
4 0.19110576923076922 0.042067307692307696 0.05048076923076923 0.05048076923076923
5 0.578125 0.2704326923076923 0.07211538461538461 0.04567307692307692
4 0.6033653846153846 0.2980769230769231 0.05048076923076923 0.05048076923076923
1 0.9903846153846154 0.30288461538461536 0.014423076923076924 0.04326923076923077
0 0.20552884615384615 0.4110576923076923 0.0889423076923077 0.05048076923076923
5 0.19831730769230768 0.7872596153846154 0.04807692307692308 0.04807692307692308
4 0.21875 0.8112980769230769 0.055288461538461536 0.052884615384615384
0 0.9879807692307693 0.4206730769230769 0.019230769230769232 0.052884615384615384
2 0.5564903846153846 0.828125 0.052884615384615384 0.04807692307692308
4 0.9879807692307693 0.8353365384615384 0.019230769230769232 0.05048076923076923