0 0.296875 0.2848557692307692 0.06490384615384616 0.040865384615384616
5 0.051682692307692304 0.328125 0.036057692307692304 0.09375
4 0.07451923076923077 0.43028846153846156 0.057692307692307696 0.04326923076923077
5 0.7512019230769231 0.021634615384615384 0.040865384615384616 0.04326923076923077
4 0.7620192307692307 0.390625 0.11538461538461539 0.0985576923076923
2 0.6682692307692307 0.0733173076923077 0.10576923076923077 0.06971153846153846
2 0.07572115384615384 0.6201923076923077 0.04567307692307692 0.038461538461538464
5 0.2824519230769231 0.6646634615384616 0.036057692307692304 0.09375
4 0.30288461538461536 0.7800480769230769 0.057692307692307696 0.04326923076923077
5 0.8689903846153846 0.5997596153846154 0.040865384615384616 0.06971153846153846
4 0.6983173076923077 0.6959134615384616 0.04567307692307692 0.04567307692307692
5 0.640625 0.7379807692307693 0.07932692307692307 0.04807692307692308