5 0.38822115384615385 0.46033653846153844 0.06971153846153846 0.040865384615384616
0 0.45552884615384615 0.20552884615384615 0.040865384615384616 0.06490384615384616
4 0.8581730769230769 0.019230769230769232 0.04807692307692308 0.038461538461538464
5 0.7872596153846154 0.0985576923076923 0.03125 0.03365384615384615
2 0.8533653846153846 0.46033653846153844 0.04567307692307692 0.055288461538461536
4 0.3269230769230769 0.5348557692307693 0.11057692307692307 0.05048076923076923
5 0.40625 0.8317307692307693 0.028846153846153848 0.03365384615384615
2 0.4675480769230769 0.9170673076923077 0.016826923076923076 0.0889423076923077
5 0.6706730769230769 0.5817307692307693 0.04326923076923077 0.04326923076923077
4 0.7776442307692307 0.6766826923076923 0.05048076923076923 0.05048076923076923
2 0.49759615384615385 0.7980769230769231 0.038461538461538464 0.08173076923076923
5 0.6105769230769231 0.8581730769230769 0.04807692307692308 0.04807692307692308