5 0.4170673076923077 0.021634615384615384 0.0889423076923077 0.04326923076923077
0 0.33533653846153844 0.2776442307692308 0.040865384615384616 0.06490384615384616
4 0.19591346153846154 0.06370192307692307 0.04567307692307692 0.06971153846153846
1 0.007211538461538462 0.38221153846153844 0.014423076923076924 0.07211538461538461
0 0.9002403846153846 0.14783653846153846 0.04567307692307692 0.06009615384615385
5 0.8425480769230769 0.33774038461538464 0.055288461538461536 0.040865384615384616
4 0.7632211538461539 0.42788461538461536 0.040865384615384616 0.052884615384615384
2 0.49158653846153844 0.21754807692307693 0.04567307692307692 0.06490384615384616
0 0.4110576923076923 0.9314903846153846 0.04807692307692308 0.0673076923076923
5 0.0673076923076923 0.8413461538461539 0.03125 0.03365384615384615
4 0.01201923076923077 0.9314903846153846 0.02403846153846154 0.055288461538461536
2 0.7836538461538461 0.7728365384615384 0.038461538461538464 0.04567307692307692
4 0.6237980769230769 0.9783653846153846 0.04567307692307692 0.038461538461538464