1 0.5144230769230769 0.2668269230769231 0.03365384615384615 0.04807692307692308
5 0.46153846153846156 0.19471153846153846 0.0673076923076923 0.038461538461538464
5 0.4098557692307692 0.21514423076923078 0.08413461538461539 0.036057692307692304
4 0.35336538461538464 0.11057692307692307 0.04326923076923077 0.057692307692307696
3 0.21875 0.4579326923076923 0.0625 0.016826923076923076
1 0.6862980769230769 0.4495192307692308 0.016826923076923076 0.03365384615384615
0 0.6370192307692307 0.6045673076923077 0.05048076923076923 0.0673076923076923
5 0.28365384615384615 0.5144230769230769 0.026442307692307692 0.028846153846153848
4 0.22716346153846154 0.6021634615384616 0.05048076923076923 0.052884615384615384
0 0.9927884615384616 0.7247596153846154 0.009615384615384616 0.055288461538461536
5 0.9254807692307693 0.49759615384615385 0.0625 0.038461538461538464
5 0.8533653846153846 0.5420673076923077 0.057692307692307696 0.03125
4 0.8329326923076923 0.5673076923076923 0.04326923076923077 0.04326923076923077
3 0.6947115384615384 0.9326923076923077 0.03365384615384615 0.0673076923076923