4 0.2956730769230769 0.10216346153846154 0.04326923076923077 0.055288461538461536
3 0.14423076923076922 0.41466346153846156 0.04326923076923077 0.05048076923076923
0 0.9603365384615384 0.4987980769230769 0.05048076923076923 0.0673076923076923
2 0.5637019230769231 0.020432692307692308 0.055288461538461536 0.040865384615384616
4 0.5552884615384616 0.5060096153846154 0.05048076923076923 0.05048076923076923
5 0.3269230769230769 0.9230769230769231 0.038461538461538464 0.04326923076923077
4 0.2644230769230769 0.9783653846153846 0.04807692307692308 0.038461538461538464
2 0.03365384615384615 0.7680288461538461 0.0673076923076923 0.06971153846153846
5 0.7836538461538461 0.9290865384615384 0.08173076923076923 0.06490384615384616
5 0.7067307692307693 0.9903846153846154 0.052884615384615384 0.014423076923076924
2 0.859375 0.7596153846153846 0.05048076923076923 0.057692307692307696