5 0.028846153846153848 0.25961538461538464 0.057692307692307696 0.038461538461538464
2 0.015625 0.5637019230769231 0.03125 0.026442307692307692
0 0.019230769230769232 0.15625 0.038461538461538464 0.0673076923076923
5 0.13581730769230768 0.13221153846153846 0.09375 0.038461538461538464
4 0.14903846153846154 0.36658653846153844 0.04326923076923077 0.06971153846153846
1 0.36538461538461536 0.05889423076923077 0.0625 0.06971153846153846
5 0.6730769230769231 0.10576923076923077 0.0673076923076923 0.03125
4 0.7331730769230769 0.21875 0.05048076923076923 0.052884615384615384
5 0.7572115384615384 0.38221153846153844 0.052884615384615384 0.03365384615384615
5 0.15745192307692307 0.7235576923076923 0.0625 0.0625
4 0.296875 0.6346153846153846 0.08413461538461539 0.10096153846153846
2 0.056490384615384616 0.9110576923076923 0.08413461538461539 0.0673076923076923
4 0.7223557692307693 0.9375 0.04567307692307692 0.05048076923076923
5 0.6766826923076923 0.8209134615384616 0.038461538461538464 0.036057692307692304