1 0.18269230769230768 0.2956730769230769 0.03365384615384615 0.04807692307692308
5 0.23557692307692307 0.36778846153846156 0.0673076923076923 0.038461538461538464
0 0.24278846153846154 0.7079326923076923 0.04326923076923077 0.036057692307692304
5 0.28725961538461536 0.3473557692307692 0.08413461538461539 0.036057692307692304
4 0.34375 0.4519230769230769 0.04326923076923077 0.057692307692307696
3 0.4675480769230769 0.08173076923076923 0.036057692307692304 0.0673076923076923
3 0.9819711538461539 0.4254807692307692 0.03125 0.03365384615384615
5 0.53125 0.5072115384615384 0.02403846153846154 0.03365384615384615
5 0.5793269230769231 0.4375 0.028846153846153848 0.026442307692307692
4 0.59375 0.4170673076923077 0.04326923076923077 0.04807692307692308
5 0.24639423076923078 0.7415865384615384 0.06490384615384616 0.026442307692307692
5 0.46875 0.8533653846153846 0.03365384615384615 0.04807692307692308