5 0.33533653846153844 0.008413461538461538 0.06971153846153846 0.016826923076923076
0 0.3401442307692308 0.34975961538461536 0.040865384615384616 0.06490384615384616
4 0.4423076923076923 0.07932692307692307 0.04326923076923077 0.057692307692307696
4 0.5865384615384616 0.2764423076923077 0.11057692307692307 0.10576923076923077
5 0.9230769230769231 0.20432692307692307 0.040865384615384616 0.057692307692307696
4 0.32211538461538464 0.9471153846153846 0.10576923076923077 0.09134615384615384
0 0.057692307692307696 0.6935096153846154 0.07451923076923077 0.09375
1 0.8725961538461539 0.5132211538461539 0.09134615384615384 0.0889423076923077
3 0.5925480769230769 0.9723557692307693 0.07451923076923077 0.05048076923076923
5 0.5276442307692307 0.5769230769230769 0.021634615384615384 0.028846153846153848
5 0.5144230769230769 0.6538461538461539 0.009615384615384616 0.02403846153846154
4 0.5396634615384616 0.5805288461538461 0.06009615384615385 0.11778846153846154