5 0.1814903846153846 0.05889423076923077 0.036057692307692304 0.07451923076923077
1 0.4375 0.07692307692307693 0.052884615384615384 0.04326923076923077
0 0.016826923076923076 0.12259615384615384 0.03365384615384615 0.04326923076923077
5 0.24879807692307693 0.1935096153846154 0.040865384615384616 0.08413461538461539
4 0.27283653846153844 0.22716346153846154 0.05048076923076923 0.05048076923076923
2 0.03245192307692308 0.5048076923076923 0.06490384615384616 0.08173076923076923
1 0.9855769230769231 0.3894230769230769 0.02403846153846154 0.052884615384615384
0 0.2439903846153846 0.5552884615384616 0.06971153846153846 0.014423076923076924
5 0.15384615384615385 0.8798076923076923 0.03365384615384615 0.03125
4 0.24278846153846154 0.9483173076923077 0.052884615384615384 0.04567307692307692
4 0.7283653846153846 0.59375 0.052884615384615384 0.05048076923076923
5 0.7079326923076923 0.5697115384615384 0.040865384615384616 0.040865384615384616
5 0.7596153846153846 0.875 0.036057692307692304 0.03125