2 0.2800480769230769 0.328125 0.04567307692307692 0.038461538461538464
0 0.7007211538461539 0.0889423076923077 0.06490384615384616 0.040865384615384616
4 0.8834134615384616 0.23918269230769232 0.055288461538461536 0.05048076923076923
5 0.984375 0.3762019230769231 0.026442307692307692 0.06971153846153846
2 0.5528846153846154 0.42908653846153844 0.07692307692307693 0.07451923076923077
5 0.2668269230769231 0.5612980769230769 0.038461538461538464 0.04567307692307692
4 0.27884615384615385 0.9338942307692307 0.11538461538461539 0.0985576923076923
2 0.18509615384615385 0.6165865384615384 0.10576923076923077 0.06971153846153846
0 0.984375 0.7427884615384616 0.026442307692307692 0.10576923076923077
2 0.5048076923076923 0.5012019230769231 0.11057692307692307 0.06490384615384616
5 0.5817307692307693 0.8112980769230769 0.028846153846153848 0.021634615384615384
5 0.5060096153846154 0.78125 0.021634615384615384 0.038461538461538464
4 0.5793269230769231 0.8076923076923077 0.11538461538461539 0.08653846153846154