1 0.43028846153846156 0.2127403846153846 0.028846153846153848 0.05048076923076923
5 0.4387019230769231 0.30528846153846156 0.06009615384615385 0.038461538461538464
5 0.46875 0.38341346153846156 0.07211538461538461 0.007211538461538462
4 0.5757211538461539 0.36658653846153844 0.055288461538461536 0.040865384615384616
3 0.7211538461538461 0.02283653846153846 0.0625 0.04567307692307692
5 0.9038461538461539 0.18629807692307693 0.052884615384615384 0.07451923076923077
0 0.018028846153846152 0.7115384615384616 0.036057692307692304 0.0625
4 0.38341346153846156 0.7127403846153846 0.04807692307692308 0.05048076923076923
5 0.25600961538461536 0.6286057692307693 0.06971153846153846 0.03125
5 0.5985576923076923 0.7271634615384616 0.036057692307692304 0.07692307692307693
5 0.8521634615384616 0.7463942307692307 0.06009615384615385 0.036057692307692304
4 0.9771634615384616 0.671875 0.040865384615384616 0.07451923076923077