1 0.3269230769230769 0.27524038461538464 0.036057692307692304 0.05048076923076923
5 0.36658653846153844 0.578125 0.055288461538461536 0.04567307692307692
5 0.43990384615384615 0.48197115384615385 0.04567307692307692 0.040865384615384616
4 0.5072115384615384 0.41947115384615385 0.04567307692307692 0.05048076923076923
3 0.6322115384615384 0.08413461538461539 0.028846153846153848 0.057692307692307696
5 0.9206730769230769 0.42427884615384615 0.04807692307692308 0.04567307692307692
4 0.9807692307692307 0.48677884615384615 0.03365384615384615 0.11778846153846154
5 0.8004807692307693 0.32091346153846156 0.04326923076923077 0.040865384615384616
5 0.390625 0.8497596153846154 0.09375 0.036057692307692304
4 0.49278846153846156 0.8269230769230769 0.04326923076923077 0.057692307692307696
5 0.90625 0.7307692307692307 0.03125 0.036057692307692304