5 0.36538461538461536 0.5637019230769231 0.09615384615384616 0.036057692307692304
2 0.359375 0.24879807692307693 0.038461538461538464 0.04567307692307692
0 0.3557692307692308 0.6658653846153846 0.04326923076923077 0.0625
4 0.2247596153846154 0.4579326923076923 0.04326923076923077 0.06971153846153846
3 0.026442307692307692 0.13341346153846154 0.052884615384615384 0.06971153846153846
0 0.9002403846153846 0.6550480769230769 0.040865384615384616 0.06490384615384616
4 0.7524038461538461 0.43028846153846156 0.04326923076923077 0.057692307692307696
5 0.7379807692307693 0.5252403846153846 0.10096153846153846 0.036057692307692304
5 0.7091346153846154 0.27884615384615385 0.09134615384615384 0.052884615384615384
5 0.19471153846153846 0.7139423076923077 0.04807692307692308 0.028846153846153848
4 0.890625 0.9086538461538461 0.04807692307692308 0.04567307692307692