5 0.2439903846153846 0.29447115384615385 0.07451923076923077 0.036057692307692304
1 0.2548076923076923 0.05048076923076923 0.04326923076923077 0.052884615384615384
0 0.28966346153846156 0.46274038461538464 0.040865384615384616 0.06490384615384616
5 0.3401442307692308 0.18629807692307693 0.08413461538461539 0.040865384615384616
4 0.4050480769230769 0.203125 0.05048076923076923 0.05048076923076923
0 0.7752403846153846 0.15985576923076922 0.028846153846153848 0.06009615384615385
5 0.9038461538461539 0.203125 0.0625 0.036057692307692304
4 0.9927884615384616 0.11778846153846154 0.009615384615384616 0.057692307692307696
4 0.14903846153846154 0.9483173076923077 0.10096153846153846 0.0985576923076923
5 0.3389423076923077 0.7127403846153846 0.0673076923076923 0.07211538461538461
1 0.4579326923076923 0.5853365384615384 0.036057692307692304 0.07932692307692307
0 0.5889423076923077 0.7439903846153846 0.057692307692307696 0.07451923076923077
5 0.9903846153846154 0.6237980769230769 0.014423076923076924 0.03125