2 0.3389423076923077 0.5444711538461539 0.038461538461538464 0.04567307692307692
0 0.3401442307692308 0.12379807692307693 0.040865384615384616 0.06490384615384616
5 0.453125 0.09975961538461539 0.0985576923076923 0.036057692307692304
4 0.46274038461538464 0.3389423076923077 0.03125 0.052884615384615384
4 0.5600961538461539 0.12860576923076922 0.04326923076923077 0.055288461538461536
2 0.5576923076923077 0.5588942307692307 0.038461538461538464 0.016826923076923076
3 0.9747596153846154 0.1310096153846154 0.04807692307692308 0.03365384615384615
2 0.11057692307692307 0.9675480769230769 0.038461538461538464 0.04567307692307692
5 0.15504807692307693 0.7632211538461539 0.09375 0.036057692307692304
4 0.25721153846153844 0.7403846153846154 0.04326923076923077 0.057692307692307696
4 0.7079326923076923 0.9579326923076923 0.10336538461538461 0.07932692307692307
5 0.8834134615384616 0.7764423076923077 0.07451923076923077 0.08653846153846154