0 0.3004807692307692 0.1875 0.009615384615384616 0.0673076923076923
5 0.3762019230769231 0.26802884615384615 0.10336538461538461 0.06971153846153846
4 0.546875 0.12860576923076922 0.0985576923076923 0.08413461538461539
5 0.8329326923076923 0.16826923076923078 0.040865384615384616 0.038461538461538464
5 0.20552884615384615 0.7896634615384616 0.057692307692307696 0.057692307692307696
0 0.08052884615384616 0.43149038461538464 0.06490384615384616 0.08413461538461539
2 0.0829326923076923 0.9747596153846154 0.06490384615384616 0.04567307692307692
5 0.4987980769230769 0.5865384615384616 0.06971153846153846 0.03365384615384615
1 0.5120192307692307 0.5096153846153846 0.03365384615384615 0.04807692307692308
5 0.5432692307692307 0.6201923076923077 0.0673076923076923 0.038461538461538464
0 0.5685096153846154 0.9194711538461539 0.040865384615384616 0.06490384615384616
4 0.6598557692307693 0.6550480769230769 0.055288461538461536 0.055288461538461536
2 0.9002403846153846 0.8942307692307693 0.07451923076923077 0.07692307692307693