5 0.07692307692307693 0.2704326923076923 0.038461538461538464 0.06009615384615385
1 0.15144230769230768 0.2764423076923077 0.052884615384615384 0.04326923076923077
5 0.02403846153846154 0.3016826923076923 0.03365384615384615 0.06971153846153846
4 0.016826923076923076 0.4362980769230769 0.03365384615384615 0.055288461538461536
4 0.6466346153846154 0.2091346153846154 0.10096153846153846 0.07692307692307693
1 0.7788461538461539 0.5300480769230769 0.0673076923076923 0.01201923076923077
4 0.2956730769230769 0.6394230769230769 0.057692307692307696 0.04326923076923077
5 0.390625 0.6538461538461539 0.036057692307692304 0.10096153846153846
5 0.14423076923076922 0.6826923076923077 0.052884615384615384 0.09134615384615384
0 0.8377403846153846 0.9134615384615384 0.06490384615384616 0.040865384615384616
5 0.6646634615384616 0.9615384615384616 0.040865384615384616 0.07211538461538461
5 0.8725961538461539 0.9699519230769231 0.04326923076923077 0.055288461538461536