5 0.17548076923076922 0.36899038461538464 0.09615384615384616 0.036057692307692304
2 0.17307692307692307 0.054086538461538464 0.038461538461538464 0.04567307692307692
0 0.16706730769230768 0.4723557692307692 0.040865384615384616 0.06490384615384616
5 0.046875 0.4951923076923077 0.09375 0.038461538461538464
4 0.03365384615384615 0.2608173076923077 0.04326923076923077 0.06971153846153846
1 0.9362980769230769 0.6298076923076923 0.05048076923076923 0.014423076923076924
4 0.9423076923076923 0.19110576923076922 0.05048076923076923 0.052884615384615384
5 0.7740384615384616 0.1935096153846154 0.040865384615384616 0.052884615384615384
5 0.9134615384615384 0.09014423076923077 0.04807692307692308 0.036057692307692304
5 0.5697115384615384 0.7379807692307693 0.014423076923076924 0.038461538461538464
4 0.4387019230769231 0.8112980769230769 0.0985576923076923 0.07211538461538461
3 0.038461538461538464 0.9723557692307693 0.07692307692307693 0.05048076923076923
5 0.9543269230769231 0.6682692307692307 0.0673076923076923 0.03125
1 0.8966346153846154 0.9915865384615384 0.04807692307692308 0.01201923076923077